-1.234063755505636406084590817045 -0.369933830115477702005222226944 
-0.832081771005013792752436074807 -0.326591360803550168068198900073 
0.315440976153624264011199329616 0.284625486385790604781931278922 
-1.780358051259824492262850981206 -1.079923018200270146138564086868 
0.746206805004010487181176358717 1.271293469475321513684207275219 
0.084854657732841037853788179746 2.345941931510955758000136484043 
0.468380743211569028350282906104 -0.722336307784032460865830671537 
-0.232491740180477829413874246711 1.178458363536089903433889958251 
1.089208532224421599465813415009 1.211836119923022536681855854113 
2.054955366875333311327267438173 1.359673855036787504246831304044 
-1.235550556618518758256186629296 0.664583554847378854546491311339 
-1.064766053168134218864793183457 -1.284062145894170559046187918284 
1.238215519422382504544088988041 0.780768960294032088320648199442 
-0.863729124986465701674376305164 -0.692572961641773399144028644514 
-0.651858251156583246022080402327 0.229279252385687609683273535666 
-1.235410881501170177187987064826 0.473138957001402071789186720707 
0.171572487190913947063819477989 -0.902498343061595376113359634473 
-1.269142720350748376745286805090 -1.426488933783012669209711020812 
-0.929474676008614997257950562926 1.441451053138870452841047153925 
-1.106714008581572095124556653900 1.109110416118063158208428831131 
-0.658172557115338618949351712217 1.141289865328205976879871741403 
0.882884312357168576923527325562 0.166302757695329511689052992551 
1.044965224503660472521460178541 -0.512470370757435067510243698052 
1.514274892818830098306648324069 -1.190114779309990211686454131268 
-0.602568554527152855371241457760 -1.037916687237084634176653707982 
0.184139120296562874834478407138 -2.184477659426200535364159804885 
-0.130288545851933418306956014021 1.026913601953604926464436175593 
1.750799683256561767308312482783 1.243374555861604502382533610216 
-1.587874845721676697607449568750 0.640142754631153332312010206806 
1.567681461444638157942677025858 -0.781451916498917098508059098094 
-0.161496725646872979487156385403 1.231092025146116375466931458504 
0.337783698171625679229634897638 0.785438447981525289520732258097 
0.596017340237495085730756727571 0.793994335732862599463999231375 
1.579412081991359073640524002258 -0.436416292309678544025786095517 
0.762683051141753609591944496060 -0.174320752096581710333111914224 
1.055968649285796479020405058691 -2.197061168007471643193184718257 
-0.753924007871243584411047322646 -0.010237278281516829642194821304 
0.624181642184861829036890412681 0.567740515946175028361153636070 
0.110727929838433769571537368392 -0.879661026761763276127226163226 
-0.818656107801032595361334642803 -0.613157256616284729311416867858 
1.302826040969375931410922930809 -1.510120959549938080002107199107 
-1.138704648298621613378145411843 1.290646385238074289603105171409 
-0.863982910328927156129452669120 -1.724521555984452669818551839853 
-0.235056456192347662526032081587 -0.383740916491644601382660084710 
1.459128899017221980827230254363 1.331620811472101317818328425346 
0.816926758966443511411625877372 -0.248376307963538767165090348499 
0.697643519575336212845684258355 1.626067286061104733008164657804 
0.967759535378859836463050214661 -0.931493068490648723489755411720 
0.748134313367197489874627081008 -2.683623388441435775320087486762 
-0.119384533165381293007278884488 0.152552928255442227234439656058 
0.181964013705562005496219057932 0.744817025710205249389161963336 
0.319071965904532017788142184145 1.360707783252564917475524453039 
-1.065198168584579940798562347481 -1.627206191326705075894665242231 
0.806046286198702111036595852056 -0.180095481783591110369613375042 
0.701995520244144466381897018437 0.015263695850122669175896739091 
0.764410714447309680430464595702 0.914331362584058560116773151094 
0.206696285175516275556262257851 0.079851710271730491630393089508 
1.608975913332522100773758211290 0.906620032564235622807302661386 
-1.020496803515444916854448820231 -0.312321810895714202516160185041 
-0.565577863055292451299749245663 0.261633008102422903728978553772 
-0.833998684776364629378520021419 -1.128246463047871461782278856845 
-0.280591859604128857075266978427 2.542782146518676622548582599848 
-1.038429380709565474916189486976 1.103793503497647821021132585884 
-1.148595998815211904897637396061 -0.062963533090154427673823533951 
-1.667763685153534680694065173157 -0.152324641708298846864977349469 
-0.717160572780798366565591095423 -1.069432706507722707911511861312 
0.810276682975193951463666053314 -0.228368714141608503132019336590 
-0.365840657540933200664312607842 -0.127375590751605233252874427308 
-0.716934476425106659291941468837 0.684935558765977003936598066502 
1.181672229997433154480290795618 -3.017135369895491692204814171419 
1.208982310679562521826824195159 -0.296745558076723814355801778220 
0.213881438233232273882222784778 1.009497053934433008492987937643 
-0.627209702156099613290507477359 0.148931043138984559037751864707 
-0.308345538143000752473454895153 -0.926744822671974444183717878332 
1.829106420727643733670220171916 -0.804557279542301939656567810744 
-0.246827582923167893058646882309 1.625547467993039951750233740313 
-0.224335738831967335116246431426 0.670456560093713682668692399602 
-0.278533026941778671936589262259 -0.571002954292476050390803266055 
-1.011418298836187057432312030869 0.654094624550270231644333307486 
-2.202238116918334931426670664223 0.893393000307614149058110797341 
0.343952523020379596907503128023 -0.092988864923680442098330445333 
-0.514556492383410613022931556770 -1.051835274600851910520304954844 
1.504076581508795973363135090040 -0.421693820758696769068762932875 
0.108238524525774038043124392061 0.353742490866423009432395474505 
1.087892797357939089764045093034 0.569436106440873168743621590693 
-1.711032196865877264002619995154 1.716293501646533492532853415469 
-0.246367084641864131366872925355 -0.392912865619008622175556411094 
0.692510236863555617148335841193 -1.940833234320062716804500269063 
-0.865769633183174791568603723135 -1.335913810855721806092333281413 
1.568852925814754550870588900580 0.246735343613363411474637132415 
-0.347711080977659459101403172099 -0.921973422935053354976275841182 
0.629269746992228262705282304523 -2.498213018512152494565725646680 
0.440321847691801049329285433487 0.174166268734392060135718338643 
0.470247642825508127550904191594 -0.736114869607143784691061227932 
-0.296927983536166173461623429830 -1.043478047677783404623141905176 
-1.025387206592350386458178945759 -1.449539486616729710988238366554 
1.043319316500712856665700201120 -0.872177461652412500114905924420 
1.096568050444015618438697856618 1.229609475000217111428923999483 
0.799149990786882202797869467759 -1.907860604525109637918944827106 
1.067700577959736385480482567800 1.006106983687203637600759975612 
-0.718970727973281986677989152668 0.681395987238648137562790907396 
-1.878889512981566811689049245615 0.566071643219505538091596008599 
0.671235711087629471904847378028 -2.151791758277165733659330726368 
0.703704756635265216146990496782 1.944558107985505435166828647198 
0.495888110004536475372560744290 2.098559426772768521374246120104 
-1.009728601149713744788982694445 -0.986795017584892630857495987584 
1.988995684552720799587177680223 -0.720374316935248781845757548581 
-0.102969140394178426678450932741 0.547465499229131458136521359847 
-0.052508140532218507134931684277 0.777670775173783690448203742562 
-0.697703377824049009170437329885 -1.101343226814387454837174118438 
0.482255272259644263144195974746 -0.156894543790107643399522885375 
-0.682781861498992115322437257419 -0.390740353949415308854042905296 
0.548979257739790615922004235472 -1.015423683053953141097736079246 
0.262181965088827684251526761727 -1.599864982435857507780951891618 
1.698315991912341837988265069725 -0.786499806869468631731479035807 
-0.037533118805339410473109751365 -1.652330169059292419575513122254 
-2.257094944522268775699558318593 -0.012341006323835709834746410252 
0.360132973170304460097668197704 0.421418629952056755794131959192 
-0.789900601783636191477455668064 -0.774834422875626427362760750839 
-0.194985207023387396851887842786 -0.800241807223152523675935299252 
-1.427039763861852383897144136427 0.736192095131133705798731625691 
0.333125380592705078175441713029 2.165674737433839869282792278682 
-0.175169420944917691995712516473 -1.202392157058002286618147991248 
1.216934358881406774699485140445 -0.661607458995233765897125977062 
1.189319738709274432153506495524 0.635241148358928753303587200207 
0.825372970440666153812969696446 -0.187129083516247435303725410449 
0.793883408770550969002499641647 0.202618550462313945503822765204 
-0.371908619196800793726964684538 0.517466377410695788086059110356 
-1.077919274957965134476012281084 -0.363120975120258815405094310336 
0.308283355052701490972566489290 0.247310409550270865475241066633 
1.677896363564375326049571413023 0.960722949635454570582737687801 
-0.036790548439246471834618290586 -1.400276731748638203711720962019 
0.542990243896530611067419158644 -0.030167406290421774212040517682 
1.415995781041310852543801956926 1.081712350911085307458847637463 
-0.354214377593541573929769583629 -0.173418536251163074579650924534 
0.684923429505567171737823173316 -0.215845731318417832778067122490 
0.432511623326017724533443242763 0.855678242228586571904713764525 
0.844515694192430221853840066615 0.893735221049942074600380692573 
-0.529311838198449624570685045910 0.200037907880831339335614416086 
0.016423160378717844426477157072 1.049137807259339805199260808877 
-0.372148945308404033305293978628 0.105633608779274551503490897630 
2.075654793043383072870256000897 -1.357768707971732435879630429554 
-0.363806602717720917183896744973 -0.164009435497781463908495425130 
0.632841356100115826066598856414 2.499219284864964585324287327239 
-1.014990921745320573421622611932 0.409973729093519201338580160154 
0.746364602668074583746715688903 0.101141457247049704193386787665 
-0.552138309612643318757818633458 0.091473729965829947419209133841 
-0.191177112770087420656750509806 0.962821454747575522503666434204 
1.847857516937227995157400073367 0.201250407679090415058453800157 
1.027968561804270875015276942577 0.756260970147917710448837169679 
0.057060762451803380412851396386 0.426136500297909337486856884425 
1.068097027778644125817208987428 0.743286306037704735949489531777 
-1.874458583095165220555600171792 -1.434733764318042448238088582002 
2.216063305221284807089432433713 -0.012334931136432358833587841218 
0.241979206063479640453905972208 1.622231118414867445665095146978 
0.862716826912963141715806614229 -0.838500429726814489050923384639 
0.260406216235909371281564972378 -0.330926948638842644001556436706 
-1.891616755315233877610126000945 1.115827599215537091481564857531 
-1.434001406453474514179902143951 -1.451683872386962059763959587144 
-1.202767884358482586293348504114 0.740304283610173308183277640637 
-0.295887044500527218726659839376 -1.119957687997378936728409826173 
1.640852356710505333126093319152 0.245762338436832955546051948659 
0.022405479507059591209872095874 0.570908156125080612497413312667 
0.612368931460153587131856056658 -2.022742152284754624247398169246 
-0.994250316049317572897336958704 0.400268620572102329369101880729 
-2.021408501611559049848665381433 0.223303375090566108562839531260 
1.114789723764822326756984693930 -0.587887653345753879996493651561 
0.554483946260757809554320374446 -1.683004818596551155351903616975 
-1.301858798775986647555669151188 -0.191101863244979575107151958946 
1.063131562130815721545218366373 -0.294471533413662889255846266678 
2.641413237775427358400293087470 -0.806708745321519926640974063048 
-1.715898972630221175350584417174 -0.234642633332589417571867329571 
-1.027219219535865368797544761037 -1.266836117392824645477844569541 
-0.344237359154031308250409892935 -1.266054122883573551661129386048 
-0.589670285933723170579412453662 0.135596361211388793943655173280 
1.343209251556307881614316102059 -1.665561616921096499410737123981 
0.723267232727573650130636906397 -1.349981766111097325477885533473 
0.720928901971429669792712502385 0.028010142532535833165274752332 
-0.106560333661031084173664851278 0.592660953930527756305934872216 
0.453915154658461383885281748007 0.082383558270422346803130153603 
-0.583741868589936818700891763001 -0.121226788593001941207738525463 
0.170207733673878675029200735480 -0.966083513012940375830339689855 
0.878166263080412123898099707731 1.059583202317460726149533911666 
-0.113685034740655138696396875275 -0.041832040887523340433329366306 
1.082445204632750845874511469447 0.146179894021407880133622825269 
-0.040861988384515594840973307100 0.757777878968827089956050713226 
0.629396211743881939248979051627 0.336894480541956586883145519096 
1.103926322931928938331225253933 0.259202085186349406864536604189 
-0.034629016758893439720257134695 0.268989316109813858535204644795 
-0.160213558953747420288138414435 -0.026016234889739801861008317019 
1.058785263371385454433948325459 0.371786493581249766204877005293 
-0.534890479391996742641879336588 -1.001707357403311071664120390778 
0.738820605175028677358284312504 1.065578176217610417708669956482 
-0.160925405143760413828601940622 0.233140938996901081470269900819 
-0.690293833059850814315439038182 -0.205198356438106022103795567091 
-2.020912002990592704065875295782 1.547039342080754886765703304263 
-0.374693228394482991117087067323 -0.524765430065622151545312590315 
-0.629091083246685500718342609616 2.317890494089252406695322861196 
-0.389022231434940635175223633269 -1.985155427936430960755842534127 
0.354963978716019035175577300834 2.971887638565394063050462136744 
1.203709362204731014855951798381 1.227350699793893440414649376180 
0.746705090597266529783837540890 -1.644650157242014243408334550622 
-0.698586930066438460684707933979 1.170340549416202913235451887886 
-1.485008970330540911675143433968 -1.403774701562556792566738295136 
-2.357489596105268425674239551881 -1.230466890582175620849625374831 
-0.241994529212069653389960421919 0.585938480854088838967186347872 
-0.010968558509644557238948969768 -0.610976295912036948543288872315 
-0.783752796030506182489716593409 -0.548026185770223883686469434906 
1.261119334194787278136118402472 1.431718511823670825222620806016 
1.312641763266793715203561987437 -2.090516955488900929793771865661 
2.692969809154677207629902113695 0.087098606513057702516178437691 
-0.311615984129293144277994542790 -0.693215290147926266328681776940 
-0.130547502449024716009162716546 0.149222975549640063386291899405 
-0.957759750252036967665958400175 1.440040147372161127847789430234 
0.200935196110021863091787963640 -0.122467078697362299899431548056 
1.420644294596834722455014343723 0.041990371434912868164879284905 
-1.404590575274955899232054434833 0.027794121199467145683081881202 
0.792942702412632205444253941096 -0.037077399523580578666326346138 
-2.198270174544299404573166611954 0.706430586614450350957383761852 
0.138841436345100682769881927925 0.456572945182747103043396919020 
-1.564031318887488586355516417825 -0.052488432295195466825710184366 
-1.457865662762303449184742021316 1.181708023290974018948418233776 
1.228850064761009441838268685387 -0.748973499287932997781069843768 
-0.976596677185810335686255712062 0.380131416876172301133607334123 
1.125154022753796168032636160206 -0.417032341772183456907185927776 
-1.642065699119167332398205871868 -0.392987281443059111030180474700 
-1.991974851654430223035774361051 -1.169659251759421314531550706306 
0.915981458458936192990051949891 1.118526088831669040857264008082 
-0.807931186998386841047192774568 1.434133067739762568137962261972 
0.724188753432743914650870920013 -0.564946287808365421589940069680 
1.000493988827495295268477093487 0.480919515954816467750987385443 
-0.562202054668534012549230283184 1.530603404062544248276367397921 
-2.160170449434426043211487922235 -0.791561912110308352197307613096 
-0.756185769308223676432589854812 -1.937697990373582479506353593024 
-0.779229696679456740326941144303 -0.481168268690884026739240653114 
1.120597018969543112731912515301 -0.800525729663954854764540414180 
0.408944947401933489583569780734 1.454981739357758430131184468337 
-1.168707351934006100080409851216 -0.119100261413690025613654199788 
0.447727957404417675757457573127 -2.112120842506517437442425944027 
0.509471118472088702056055353751 0.250733511371444672821695576204 
-0.117407322292699664578741192145 -2.136127899552616504763591365190 
0.044904397581452246135391703774 0.128553436750813321332032046485 
0.390169733444936384092471826079 0.353748366940548009118572281295 
1.292745295265622651470494020032 0.317685884597792400629856501837 
-0.443846627901742285526864861822 -0.265902860316342803947975426127 
-0.004216876808037264313944181282 -1.256927332770774841108618602448 
-1.715674694408870992745619332709 0.054209486305975211617447229173 
0.614138038414264286757315858267 -1.303207326522377806909958053438 
1.758314627477691294288320023043 -0.751627307914237263730683480389 
0.550497727478955645175062727503 0.137246819432889605172576352743 
-0.945380470317116028411419392796 -0.381409615003320878745540767341 
-1.474687604869411305941184764379 0.384485379533999527268406382063 
1.329178775828870451292118559650 -0.124661254319540601431803850119 
0.956454374673148866037308835075 1.108286633539512733293008750479 
-0.959572178377745443889068610588 2.083837817316815943513574893586 
0.483476617032686128982987838754 1.666493917296114180004451554851 
-0.154604788263827702676778130808 -0.932356836514335318710777755769 
0.186511824796287195571409256445 2.213435366286232941490652592620 
-0.969034730833094881674583120912 -2.011500742738986158286706995568 
0.939843428591671026239851016726 0.475856604113405301514916345695 
-0.719390878685140178205870142847 1.218345395968864375291218493658 
0.575060403264987196614299591602 1.282285433664743568016319841263 
-1.122303236195697717647590252454 0.937614519960406345155945473380 
1.608141057072434376706837610982 -2.604236276849415610001869936241 
-1.759124961919847462965549311775 1.950438424281194071951972546231 
-1.851272671692249627284354573931 0.579908862071849773300868946535 
0.222941895056501082628130916419 -0.945320426444697714529752374801 
-1.229724401554110002621200692374 -1.029427827219754565390985590057 
-0.006216804252374285785776031332 0.987205263178880243479795808526 
0.106065461046404005407417514562 2.112738597008094743046058283653 
2.170007196853226627553112848545 1.183763429265969779891065627453 
-0.395939599023439059433115971842 2.447549608460422909672615787713 
0.024521941280282542191537586973 -0.313664574079382918458946960527 
1.218750144037866967039462906541 0.090463674882810929389620469010 
-0.280932428738513539911991756526 -0.850770577515151615877186941361 
0.013253559315455378658787921609 0.890149686951467566942142184416 
0.957599817978525891248864354566 -1.647920115997404844065954421239 
0.470733375784904373162476076686 0.157261446973713386876525532898 
-0.659387304949827557365438224224 -0.337127645925032748408511906746 
0.947690915477985673653904541425 0.237720708428178939541908221145 
0.246930413395130193832116560770 0.451965378308470167034727182909 
0.398325013153870810533874191606 -0.132054342939470714668459550012 
0.131349124964035390839001138374 0.309694929440057054037538364355 
0.043780008104523551737408126883 -1.003784474222372491425403495668 
0.787095333487684012396812249790 0.525157891258111408916420259629 
0.219498709873690966976056415660 0.768149862247427317463177587342 
1.092673907211547668083539974759 0.831200342608845677006002006237 
-0.631693941836851569071598078153 1.415135739978432338759262165695 
1.694383917668743633200278964068 0.792857407898248212063663231675 
1.558547905871823680001853063004 2.069777875082365437009457309614 
1.319404516213646072486653793021 -0.285845015652723744015162310461 
-0.598090118071188503456880880549 -0.005888174972651642746779288018 
-1.487110753345105784717361530056 2.466527862957101913110591340228 
1.758985383069616270645951772167 -0.907764255504375894290092219308 
0.512409826502300824735414153110 2.205928053112508280264592031017 
1.827643874325818096338025497971 -1.446219689681441211703827320889 
-0.488393829868178919184629194206 0.122460716594240737187249123963 
0.391095472358313656080497366929 2.280389417835090970498868045979 
-0.530718868747839578325908860279 0.589274579092969097438015069201 
0.358256213052810967845118739206 -0.403886210765746822559663087304 
0.729912326809613931644094009243 1.412149365997257266513997819857 
-1.162003942735349681925072218291 -0.161212364661692780787305423473 
2.638726309961993976571648090612 -0.535986535276467335187078333547 
0.281574124038594830743420516228 1.259992496532176931012259046838 
0.626530320152041242387497277377 -0.450865885505090546736539636186 
0.017565863782575828061505163191 -1.953723558702504803363808605354 
0.710208844921871196298468476016 1.251283835930117271928452282737 
1.110530392791760023740721408103 0.576219903082947682015912960196 
-0.342363776857742940773476902905 -0.786206550200678311313140511629 
-0.879772323576497261576889741264 -0.052550203252187649427540350189 
1.147845385114167005013996458729 0.566889433922726393433322300552 
-0.873081671474005727162648327067 0.053546806603778106248281432045 
-0.661011692206445622410626583587 -1.004610018878910659978487274202 
-0.287154830045502462709805513441 0.713063838634812374728255690570 
-0.964430211946848192638981345226 -0.806643265474741966158944705967 
0.399405097046450552333851646836 0.110966313695180576748278156174 
0.020121951545034322261784609509 -1.317056705932353244392629676440 
1.490835594465915292516910994891 0.605348617347722273152044181188 
1.237286886525546858450752552017 1.393399139536138253703256850713 
1.809210404860586596242910673027 -0.396071946380938344489663904824 
-0.150362979521131645554987699143 -0.963513682949655225762342070084 
-0.754430714918815636949034342251 0.416968993237479823577018578362 
0.073098072497745400499802315153 -3.564364631160984231428301427513 
0.650362729220542945540728396736 1.535798591900404019838788371999 
-0.099477061434445915311108876722 -0.295454912564428018306728063180 
2.703239970678701364903417925234 1.186780401761277969896468675870 
-1.214570656468968445906853048655 0.624262671829546422763712598680 
-1.643989636640865281691503696493 0.192922634923435781795220123058 
0.316651217023870279465569410604 -0.100526626659310600042651628883 
-0.168478514850814192760353193989 1.181195364153381444083379392396 
1.670271660678067648930777977512 -1.597352837138654280124683282338 
-0.426989504848274692427878562739 -0.592063934423310955779129471921 
0.604601408897952774523787411454 -1.808580088728480195214842751739 
0.588790190127605250758335841965 0.824494159669424964143047418474 
1.675800907064589617689875922224 -0.860821566100151369660409272910 
-0.085760534329046081425396153008 0.479304429728202863181252268987 
-0.203989284684703786609816233977 0.153817218431833463432312214536 
-0.284294222394109619145297074283 0.172677569136823888529264081626 
-1.105246294213352298285713004589 -0.396241796920420885630420571033 
-0.697582587682930022054961227695 -1.433607779259394199300459149526 
-0.584985198793910310399724039598 -0.247864321751833288631772234112 
0.190828148212946024919745013904 0.424782599134718164002322282613 
-0.250372073221598434589196813249 -0.139524834752202342436078197352 
-0.838383687809064803708736235421 -2.288537212527923525584583330783 
-2.383939268396792598991851264145 -0.298679450003335511532043256011 
-0.979565387581324054089293440484 -1.093231301894355800286007251998 
-0.612541085273958230139612624043 -0.178971843534067059922065823230 
2.810655688822354392186753102578 -0.793557983386881105047905293759 
0.772763746026021602908429031231 1.452756095208922682004981652426 
-0.579177172602291956415854201623 0.828218949238024637615751544217 
-1.107201957451684259936541820935 0.090340163900745548697379661007 
-1.192024148217807555383274120686 -0.354846100651330487174561767461 
-2.005733257795783153198954096297 -1.110263834691046280767068310524 
0.025603896694372612480306017346 0.132531840331610667460537911211 
1.787116558052203485473796717997 -0.679749007980831154718259767833 
-0.191143499793454824109417700129 -1.248800618450463861819343946991 
-1.049187415787646848741587746190 -0.284084627731892525037693530976 
0.061577930365184017913460223781 0.787196788145129611180550455174 
-0.129132040208097736977421732263 -1.240904999358713345358751212189 
0.997048978669765828541926566686 -0.261117158758565115483918361861 
-0.492427412051900881273525101278 -1.891325702050639989693081588484 
0.005840380822612705434548896477 0.028772481479279701788165368725 
-1.086990896151021956939075607806 1.233656620460348296575148197007 
-1.632979012820261477401118099806 0.674270943383163290363313535636 
1.412176417335982536727101432916 -1.042409902833788315490437526023 
0.382364438764288439021044041510 0.952575936467507822236200354382 
-0.750080734369486412660421592591 0.833217516461339013922327012551 
0.545533456330820287760730025184 -0.739040638249914616508817744034 
0.515842838867314634754279722983 -0.405185032170588932398658243983 
1.606542537684879423665051945136 -0.558271698884838074583569778042 
-0.624323860324366153307096283243 0.750408377354715216966951629729 
0.662306179371713099612861697096 -0.460839918448720131660678589469 
1.087673382171334690582398252445 -1.587991021677080061280662448553 
1.080476663115149671412495990808 0.236946999436247390802279255695 
-1.199686726825562210763109760592 0.811779612778493864233553267695 
0.191746221331388577713283893900 2.199051414888975930495007560239 
0.268707985359449674778176131440 0.505965978433110752376933305641 
-0.045463645146531464491523877314 -1.351496177240872675895388965728 
0.274191218648747736530424390367 -1.363114214404412605219363285869 
-0.103346380456735012498548087478 -0.408215749080873158138871303890 
-0.440782360284821705942448488713 -0.014359827945470674329109250777 
0.575493980473039346001939975395 -0.958840075966115534811251563951 
-0.573915031144973775134587867797 0.557664455137388381800178649428 
-0.925535832938817248916052449204 0.305390749971691466413403759361 
-0.250532622469658905473011145659 -1.699969153679192324091218324611 
-0.133790800457721931193688646999 -0.215458666085880851115419432062 
-0.261715055003445440373610608731 -1.292303244210656787416269253299 
0.635924415553072552853564047837 -0.779200570783152413056882323872 
0.517283491817068896700959612645 0.586619468534715693408543302212 
0.969493277568432509916362960212 -0.640270339131878141181175578822 
-0.406785018744284077030215485138 -0.895864863963774071820012068201 
-0.442260108898075154915119355792 -0.363161872820026265795689823790 
0.942722621908626767783800914913 0.183947559385580938773330217373 
-0.887445091413831432802794552117 -0.867627246960534947994858612219 
0.670389747477733388691945037863 0.485133488283542468888498433444 
-0.269669720305840354690474214294 0.362255702671058166242090692322 
0.923315234068380230603168001835 0.875717558936151663218083740503 
1.103261391122351442461990700394 0.570134250291465694004955366836 
-0.490802778175749909728153852484 0.636027388186829689686874189647 
1.130270973579977189515943791775 -1.884454995218196593498305446701 
0.636931235368058623613762847526 0.136680070852194079922270475436 
0.905992149034994476153315190459 -0.409902843029859742518539178491 
-1.333376113151536479506376053905 0.194827429772950755371141440264 
-0.752556552349913698840566667059 -0.069167990522494823824040111049 
0.452624020145464545095137509634 -2.103635584822916460012720563100 
-0.894053282028012263893401723180 -1.320857523464059157802807931148 
0.044509277756072343490423293133 -0.762851094575121457808108971221 
0.680948829767540009250126331608 -1.102194733398927706247150126728 
0.499087894646391749819969163582 0.608089915491341836961680655804 
0.009673234860906926649293247067 -0.870561585321815600835293480486 
-1.498547499660450199598926701583 1.325194471078672719954738568049 
0.957667836599265132058178551233 -0.605651834307857295236487971124 
-0.152078862096390182712113414709 -0.541607370399224574697427669889 
-0.692702447779130370264510929701 0.680137210155777993669801162469 
0.872052292716302912545245362708 1.842411651606556954874349685269 
0.091652815082017835557337548380 0.208634072476330006962186303099 
0.004007490952664863499699254845 0.830711728608281352315145795728 
-0.287932430059314736769948694928 -0.627405501103722285094477228995 
0.577822127541501084913022623368 -1.076440898875225871123006982089 
-0.279646231575978343464328190748 0.827908441446493226223424244381 
-0.832385619869840831519525181648 0.808127175424180221874337348709 
0.709943254817838709236355043686 -0.789543354969172384016928845085 
-0.539147772423164473032386467821 -0.883121943064333669859422570880 
0.129268603421137467934798337410 -2.172771175520259223645780366496 
-0.221085439468390265727038013210 -1.116034165603200234428982184909 
-1.573549256969467791122951894067 0.039803080904977534981714626383 
-0.072284504814346589585127844657 -0.479755789874262206229360572252 
0.231401086224641450161954026044 1.188594563676385940098612081783 
-0.418146872815156389613377996284 -0.624117827395594737538431218127 
-1.305712312920381368286371071008 0.536723687039132202336588761682 
-0.858713526442481334122192038194 -1.419912748330416807363008047105 
0.097953152459140949148697075088 0.756271951480335435924473586056 
-1.444502374627116614291821861116 0.972488242668283486835889561917 
0.843956972736341959340222729224 0.812255799333156280894741030352 
-0.797865539808979118419074438862 0.696837800390248451876118451764 
-0.722100874836957729030473274179 -0.771704714669597668930123290920 
-1.000522218846485067444973537931 0.562964036813188184460443608259 
0.136904395903497955178096390227 -0.887646631087106618984705619368 
-0.458055901557164912851760618651 1.178106143745120570898166079132 
1.945986807133632812139012457919 0.635125802394469363143514328840 
-0.255768350098224406252711560228 -1.148226994240366893862415054173 
-0.341844787526290438961495965486 -0.491253122146043941231852159035 
2.309879007866151301442414478515 -0.511109458821957352014919706562 
-2.482682369149944889841208350845 0.086923227835673383401271507864 
0.895009406864727297126194116572 -0.527811388913243195730728984927 
0.958681737482127593885650185257 -0.537857623617109648073153493897 
0.755752168574183591509552115895 -1.987778557282789071436468475440 
-1.536402193698206630756430968177 0.950274385058114900992620732723 
0.474648740395611723474900145447 0.073243953275451009754526410234 
1.284730866067613108683076461602 -0.157460453172931724719063595330 
-0.009235134419614987599800315365 -1.343488519799371117002806386154 
-0.745477234050081705163393053226 0.167753591781218458489632894270 
0.252215876116074877444361845846 -1.409315725930726070913578951149 
-0.303815341364454150063778570257 1.128630761907627677587129255699 
1.097820024324456245068404314225 -0.387431539821674941759255261786 
-0.043988880765429998198623451344 -0.532128304055572320940825647995 
-0.819170090692574959234661946539 -0.132868053086393017592214960132 
0.391896900795464853128891036249 -0.655587286002440872145768935297 
0.418771158531817566661459295574 -1.851138379214978924025558626454 
0.197108652265135991799027692650 -0.927922105296198007629016046849 
-0.982777098504321378058534719457 1.334527073308305444854227062024 
1.259581192424727102974202352925 -0.712315349584165535823387926939 
-0.000552517499805133351954700149 0.664163511351256952153221391200 
0.406757133945383764217496036508 0.029412716447275059211685643845 
-1.011165262241636053630600144970 0.825755256059294562298589426064 
-0.501471325715510229947824427654 0.136879309141859972775989717775 
0.698504820672401383063743196544 -0.880667197967623383014768023713 
-0.204342563967549045722549294624 -0.412279699621956208233086726977 
0.228813169444250202877455535599 0.767874742040891788974477094598 
-1.000707320026017699277076644648 0.763608141882745727890835496510 
-1.031812483324606066759088207618 0.892253628134707099661682150327 
-0.141144923563012919531800548611 0.468862445846212116951079451610 
1.343439094751891937917775976530 -0.220071928056987636823649268081 
1.704837580720913736698207685549 0.954972225782887762512984863861 
-0.901723705115931251086180964194 0.740835729161846479051689584594 
-0.138527310008194404211678829597 0.581583644518077758078788974672 
1.443108430832873434468410778209 -0.876618390166815419917156759766 
-0.981490933034030121895341380878 -0.864905002737775596699520974653 
0.609752567877112849892284884845 0.495292376794479127788406458421 
-0.895770262901639413577470349992 -0.170347684381647879181542748483 
1.115949463570582667060193671205 2.232273490437570284683488353039 
-1.644561348087429264452907773375 -0.700603334858991066980138384679 
1.401622220346873559648770424246 0.803782304371670530684923505760 
-1.789243138383721953843519258953 -0.335349744085531809023592586527 
-0.642124247619054067115484940587 1.040463779345899730799374083290 
2.111263237804257730800827630446 1.276107942234173675544184334285 
-1.822245173663282757914316789538 -1.532210691500983656965217960533 
0.253514545805126612076918490857 0.872355286902837923079800930282 
1.125022515054000527001676346117 0.413943420090488234386327803804 
-0.312575392914421823498116737028 0.122471726378121537059939782921 
0.426272400090867087385504419217 0.975353989204509885801996915689 
-0.233578022436868509847940345026 -1.284252896296821599975146455108 
-0.863657181604965296095599569526 0.035304962214657016617014306803 
-1.320928925925037633604119946540 0.375469586558091983352625220505 
0.592832112295977653459999601182 0.751589291833144379495479370235 
0.192847424493977043225001466453 -1.026887117177963437697485460376 
-1.923262385069700819428817339940 -0.287224526327634177569336770830 
-0.825742044905109384700381269795 0.811543065278708897203330252523 
0.058882128406228459449600620701 -0.260319512035408595629348837974 
-0.554976352385246896048442977190 0.583462323984316411085160325456 
-1.827895660869913729840163796325 0.224071768694882128558631961823 
0.572443710808550831892205223994 -0.586978069502402721724365619593 
1.033344036747450678248583244567 0.743186833862817586293658678187 
0.452420549239545666253548006353 -0.922030341449927459684943187312 
-0.159217268888964424977672251771 -0.840749808030118228607818764431 
0.070024014252535071722860493537 0.204540561130676201706535266567 
1.223007483472923206946347818302 1.159782706812425789877352144686 
-0.609240464228296474402668536641 -1.820357526993220398381367886032 
-0.585589726797113518941273468954 -0.056583088511510296059192626217 
2.534612915202248739632295837509 -1.543388656824310922743848095706 
-0.697478875903150608017710965214 -0.347697329777456265453849937330 
-1.221584889483595670611748573720 -0.436248457877737971788434379050 
-0.588087743406802809786881880427 0.841918485364682944727121594042 
-2.066339184394689443280412888271 -0.754968807701756783323787658446 
1.197768067874181996401716787659 0.081271988237618456030197933160 
-0.298435539972783103745967991927 0.228802838483304071814927738160 
-0.911538322260987854406266706064 0.478742138938016703608724355945 
0.373078995209808195188116997087 -1.146726941793756004983606544556 
0.741342958394345385997326047800 -0.268140051575774196468415766503 
-1.203001965547522589261575376440 -0.102689461093324135854132350687 
-0.602873586028265795455638453859 -0.421173592295493781634263541491 
0.877143780649146775907354367519 -0.066291087216487576405654635892 
1.174660238370669684826452794368 0.424584999222468117974216283983 
-0.591073258552358815620664245216 1.678435858681225356647814805910 
0.200463455835312998054575928109 -0.972596583664788738587958505377 
-1.543600238195248719463847919542 0.170552962963149229436154996620 
0.037693750927967874242430212917 0.707608751051075346438778979063 
-0.809174047543084751232811413502 0.248722215518227263153505646187 
0.976846787506307046022868689761 0.305240985966490963043895590090 
-0.202493999942820357418327148480 -0.486859829967722979038313724232 
0.911841237410839000609996674029 -1.260263658490323290806145450915 
0.267280002262258953305007480594 0.374815880879217078192056078478 
2.387365502864549515749104102724 1.481797257947244039755219091603 
-1.353316279333683480601280280098 1.297174073967752860880864318460 
-0.317276086809541779665266858501 1.569309038643396103651639350574 
1.346693925517724377272088531754 0.929073814382207818773906637944 
-1.114513392073674280524642199453 -0.490565885823750935657017180347 
-1.831473102275850584064187387412 1.864117272547343606703407203895 
0.795684769393537161263907364628 -0.220590380024733773156597749221 
1.388817494696003240761683628079 0.412001672164891752370152744334 
-0.507926880930665292090964157978 0.059298156082114569787044899840 
0.543897139984347299801470398961 -0.222551375298157466664505932386 
-2.415829538306089929733388999011 -0.885006572593476592558658921917 
-1.024975379428826327554702402267 0.208127634066645195165534687476 
1.905891942253322479672306144494 1.088969965761072078436200172291 
-1.039629413332058716079586702108 0.579628495788128694776730753802 
0.595434652056253455043588473927 0.495759627565890703682072171432 
2.127992364046206841265984621714 2.229534662912476150609109026846 
1.109101959612816878930630082323 -0.276015647511078265896600214546 
-0.715137931831135165161583699955 1.251600650049173202305041741056 
0.243281253432644228862358204424 0.807395029227211402655939309625 
0.151499423205791794444508013839 0.519383060284953290697274042031 
0.705527587958355795194620441180 0.328442439842509426028982488788 
1.674773683303830473789730604040 0.112598790107133306381825832432 
0.321200239697833345164923457560 -0.187610402819136046215220403610 
-1.360308498251978415183316428738 -0.635600521067937740404829582985 
-1.107379134866263603598213194346 0.007577692537224179659960388022 
-1.058942279957347132324230187805 -0.696926195703900464017976901232 
0.046391425645716653780592508838 -1.201567325289262688770008935535 
-1.004534168673191452114679123042 -1.674626615461171086352010206610 
-1.813207409080349608032634023402 -0.561470034452160593474445704487 
1.709999859130034716159229901677 -0.735324693096817472159898443351 
-1.180252822396284484440798223659 -0.343807571583293725137053797880 
-0.533799474810248586464922482264 1.327682089763389861047926387982 
-1.370235187800241227762398921186 0.185931375420525929476056603562 
0.101828941353897153843099943060 -0.508273747750658921873423423676 
-1.191829363912635830757835719851 0.561111834499790629315896239859 
-0.183281240790606425594688744241 1.136421505851952229448897924158 
-1.145972284451927780679625357152 0.880944239818865493241162312188 
0.704981480318537689910840526863 -1.343496554921037811070050338458 
0.120496282369316198845865528710 -0.613399093108737525348317376483 
-1.174637042307800749441071275214 -0.689135197632850804438930936158 
-0.040903195314915104241482168845 0.070566569472142876007225709145 
2.474071178145826443994792498415 0.060240407651089497576002429469 
0.267820270363270773739117203149 -1.070307962593506800885734264739 
-0.948651759322580945266167873342 -0.376620833529048459897836664823 
0.494608955867256006033727544491 0.343267724130774165569590650193 
-0.267287788397979841903406850179 1.662274058722244651775667989568 
-1.415905984709012743749667606608 0.008477985523271735351924505153 
-1.031597443875215791564414757886 -0.378547367396887657342574584618 
-0.082403850669851980148550296690 0.458162203121249778092760607251 
-1.141636284645658916403476723644 -1.030144950818825844152115678298 
-1.651723935147016764091176810325 0.898019748242405269067489825829 
-0.342848480675397582206898050572 -0.448403346504498145908002015858 
-0.743665084117470343016975675710 -0.831235376186886809612985871354 
-0.969655696022386992538599770342 0.635075388840906418508325259609 
0.062260248711572686863835457416 0.447882839587636638611911621410 
-0.579943361033714355201595935796 1.523407082168609427696992497658 
-0.368943941090310645325445193521 -1.491715185711333768736608362815 
-1.914572357240889699525610012643 -0.761072059823753255258793615212 
-0.100107263799985635177591802858 -0.892158228865644220562103328120 
1.318470657459815731371577385289 -0.100357097597237945874049103168 
-1.644607561548002028217752013006 1.380915043800045038935309094086 
-1.763198686457649211334341998736 -1.082941208943561717248371678579 
1.332536815663893259298333759943 1.565354332811228488253618706949 
1.084078739988160844376352542895 1.796877632650176526141194699449 
-1.676586001228005384788843912247 -0.412910524441619242175249837601 
0.066892546324898896625832378504 -0.755585575786880125903621774341 
0.177593949702384346078787302758 1.629425971993379906876953100436 
-1.872617542888856734251135094382 0.901789388929418733731324664404 
-0.398496253511957554405142900578 -0.497778493468794269727339951714 
-2.366522183486980512867603465565 -0.276794917328933187672390658918 
0.736247832714800209963357247034 0.194026353830149850265840427710 
-0.225714418754135559552764789260 -2.292251149010585464793621213175 
0.384773144366571173691227158997 -1.107286079277054913205802222365 
-1.094556708573156234010070875229 -0.050685656751939013597851868553 
0.861503388872706832302128532319 -1.413152069122857179550578621274 
0.915986117792188636599348683376 -0.364288226630582412379766310551 
-0.830070187925507907422684183985 -0.874282153003307249683473401092 
-2.464540844682060249937194384984 -0.300002722664741761082751736467 
-0.237436087848949317624658306158 0.795854225586438590589466457459 
-0.159943505590056656018305147882 0.106894521046499518801553563208 
-0.218814541655346972426343654661 1.808624836349516096234424367140 
0.315386492628225212353498818629 0.535057175485618263799381111312 
-1.935115188362275029376746715570 -0.725006187397623347301589546987 
-0.035956012762909293767332741254 0.643235773383633469002518268098 
1.488942624504968836873786131036 0.786565101845417724568676476338 
0.268333783188946572995092765268 -1.698888251004531557697418975295 
2.516010021188408884995624248404 0.332117202502161479316100667347 
-0.185289841747018624307230538761 -1.228961888395458945666405270458 
0.590108500387727663571979519475 0.042043395973366981532848285497 
-0.496698800269403550888824838694 -0.896531411130522148944521632075 
-1.216851176001317424990588733635 -0.598729682185563660823390819132 
0.254980164969944522734834890798 -0.426182963214841503685192947160 
0.385040537452045306121561907275 -0.331577273543516626297389393585 
-0.627904802963664687709410827665 1.289974958146090644461878582661 
-1.926530189057724662404780247016 -0.374339628802884849534393651993 
-1.392977755993398902845115117088 -0.867145345033816017377148455125 
-1.173028629518269028153554245364 0.758789062437723815790491244115 
0.350033756443235755106968554173 -1.961737383963101377659654644958 
0.012202759991237429465504860104 -0.359733648348254775317656140032 
-0.011820662554876610814136306260 0.122141783497869901853327689878 
-0.877122928160351089665880408575 -1.578733484398241460056055984751 
-0.053483074043490744231554856469 -1.573655875129979397897272974660 
-0.931104397587376508838019617542 -1.968241497404589646080808051920 
1.371515981515871729357058939058 0.874502370775864235064034346578 
-1.582757797324086945778276458441 1.230771869242216043360826915887 
0.202915020156528791428485192228 -0.351789972272892659255205671798 
-1.636051161948475662910595929134 0.526804707691429285887352307327 
-0.853971284326777158035781667422 1.080564887840169907562426487857 
2.215411228846384972257510526106 -0.345856116614744191206654022608 
-0.693200114659305532960331674985 -0.111117925601825401349387334449 
1.168760376130082656587205747201 -0.121298945787094478165890620858 
1.656636607347532708089943298546 1.262699686509290319946785530192 
-1.553667329440134192708455884713 -0.937924164857890096946846369974 
1.790221241686192010789113737701 -0.366418269094722970358191105333 
-0.956575284642865897311025946692 -0.952865068201244391765669661254 
0.443442783803684348331586306813 0.179736295028688014552287199876 
-1.321125543337810404054266655294 0.126350206680495846800482695471 
-0.176423260583474766916012299589 0.275841527503611905203229071049 
-1.116348356104649441888909677800 1.073800327304190060928590355616 
-0.162456544053097451385525573642 0.417084733526075057685744695846 
-0.774135178975831506065219400625 0.489900520175084730478687333743 
1.456598088403189938944137793442 -1.379188091243712888100958480209 
-0.424635864731164436314259091887 0.063506528349239865782749348000 
1.164609826011349325014521127741 0.306683255828620160432507191217 
0.066615812403808344344113834268 1.265422268031576757962852752826 
0.332991994404274849195246588351 0.985975504313601702754965572240 
0.807082902505290356032219278859 -1.286197089371029944615543172404 
0.110412346747006367975174612184 1.091882949660728741037019062787 
0.095191852100486903931475524132 1.026571043367649149757880877587 
0.991945315358741752653770618053 -0.901774323671268640545406469755 
0.954248594072948153055335751560 0.843299429140685119499210031790 
-0.687996170675700957630738230364 -1.206421461158543984026891848771 
-1.014391885195655929052804822277 -0.193601798420260901023581823210 
-1.016829327309845876214922100189 -0.379623557761885999095596844199 
-0.633567275634522086846800448257 -0.092179920471230220035963043301 
-1.622009511203780451893408098840 1.266212302607822026701001050242 
-0.670613207259525778702879961202 -0.042515323909848239114506185388 
2.396670434100689472955991732306 -2.954773762011878801558850682341 
-1.010520534496014866121527120413 -0.449054073352074645253395601685 
-0.183625292260747058348258065053 0.889313603513860129190504721919 
-0.487266149982881424662650715618 -0.526638892295048788305678044708 
-0.984199872850965218340490991977 -0.379985912033282580146931195486 
-0.029265782234422114266303438512 0.038817812778376675764135939062 
-1.640024049058854682670016700285 -0.598316451327290943495995634294 
-0.870223262594856605822712936060 0.928870403643347275490782521956 
-1.537285927949791464186546363635 1.676215295792980564115737251996 
-0.545798700723190366446146981616 -0.640647795192804125896657296835 
0.980597580161156057165783295204 1.425704765047452360349211630819 
-1.164305280318870483569071438978 0.066387318454729754568788280267 
2.234045594610177154493158013793 1.231160340044576084750360678299 
-0.190013709796470808832680177147 -1.974228673841106562747427233262 
1.179169800476352891749343143601 -2.020365342757855398048150163959 
-1.915603196578285594142698755604 -1.748670621723763973776044622355 
-1.082264038182556786793497849430 0.262138731564239058080545419216 
-0.912991963176382426148336435290 0.892844954319420014421382347791 
-1.174254219795886733379575161962 0.954003618605428926890965612984 
0.804117830514673781472367863898 1.155660797384696403256043595320 
-1.137070281160111884233288037649 -0.560825132570466511339191129082 
0.128163027735315238064828236020 1.176316087763196849280689093575 
0.011764387899499944428738373858 -0.920148363577760530773730351939 
0.605397956940364911915253287589 -0.259847052707528447523799286500 
0.705753712373894281917330317810 -0.546882185012893096143216098426 
2.480879651983818767746470257407 0.190124196823108188025841513991 
-1.711284360548255722989097193931 -0.318805596637320720621033842690 
0.795490199276094100966361111205 0.418517528864416121781033552907 
0.174585042902709430823193770266 0.247531064870941536204540511790 
-1.511301744159677218348747373966 0.407786659137133133956609754023 
-0.474400606053446916021698598342 -0.504910926721654607085554289370 
-0.312478029834721393598329086672 -0.859309802855684590205953554687 
-0.741575086591701904126239242032 -0.602930531133587188641342891060 
0.784401139228488419874452119984 -0.074000253937952314986503665750 
0.959177214470734118556549674395 -0.368976511440507193295701426905 
0.757253564233061449151307442662 -0.100438285731576482096016889045 
-0.360607589595933697435015119481 0.902159232064207228241059510765 
-0.167574214517681868708010028968 0.961320887200716289733293251629 
0.150704560597823389311855635242 0.874312479936988129480823772610 
-0.777000954868288795651665168407 0.570821750886546186443126771337 
-0.293414860838114410768184825429 -0.481943847390809865238736620086 
-1.343208923690143663520757399965 -0.855398685601466257644176494068 
1.228219433294600149153552592907 -0.879600335221783269368245328224 
-0.502041219877821021100317011587 -0.546427033635492165331015712582 
0.557129197667058595477840299282 -0.641401706261662263308664932993 
0.114409930545810237245696328046 -0.003446339799237909881646224619 
1.176647057583174893480304490367 0.121452093991878298795406010413 
-0.780555849420502267932420181751 0.453526083124438927907107199644 
-0.724736686441617483644961339451 0.786668417064064873223117047019 
0.713782125154387547816270398471 -1.059010719282853063560878581484 
2.407296624391102923823382297996 -0.153778621896262596147053614004 
2.430221772343194253096498869127 0.269624755740404009607402713300 
0.384556798297764013128130500263 0.253184040012227273841460828407 
-0.208971532339163101887891116348 1.045532064675053662838877244212 
0.094323042052267422330480428627 -0.719151929357510155682575714309 
-0.165200740334568607625698177799 1.918849397774988529974393713928 
0.336841424049652005123789422214 -0.312267022364340396389792431364 
-0.613959292302629910942357582826 0.781055475023435641368507731386 
-0.413598124630563723780340978919 0.983352246812005059695138697862 
-0.275813482814407429088987555588 -1.706548374106316545706363285717 
-0.518630898085166935906897833775 0.481562515182180073125550734403 
2.386752737751827169176976894960 -0.011857545863378469996884945203 
1.275753968220744161143898054434 -0.375590525300838140587700308970 
-0.880446769709761989375351731724 0.310853623211757412736488959126 
-0.272594554025408886133163832710 -0.296366372627050067567466840046 
0.059645374026976727410698231324 0.186605007892184288076364850895 
0.623631446352876928074238094268 -0.373608433094240355298865097211 
1.236601450548314939936744849547 1.248661060538279743425960077730 
-0.472286423421236334352357744137 -0.738942091367456699302351808001 
0.177036834838382173273885200615 0.745507008671736359772808100388 
0.548530171143935540989389210154 0.276305588917787114944246695813 
-1.095542399125134069848286344495 0.152205951018795304641173515847 
-0.054874537276186081957707330048 1.449221744118399213263614910829 
-0.731326299493466613910186424619 0.707349848716207318943816062529 
-0.697450317616429504852249010582 0.114801007572092744757341620243 
1.244980132295091967975508850941 -1.480982296180807900043419067515 
-0.178650041120552272033705776266 0.089896809747956871183838245543 
-0.424067509067080961049356346848 0.065545767563568571589804889754 
0.050976633661288246746057239989 -1.346115418463811774785199304461 
0.208916763267632643596982688905 -2.117659817255191256890611839481 
-1.012650136094103148209910614241 1.052417052159461574589727206330 
-0.569097943664914507344576577452 -0.978819632571382380881175322429 
-0.920979483965313150406473141629 -0.205579155478766567588522207188 
-0.255483124270948824818816547122 -0.847448331735478954662710293633 
0.132731697845191620732663295712 0.107008897169494673895506764438 
0.290247986315010808588965574017 -0.240982711041603209212169645070 
1.997391495538304306833765622287 0.287922924240385125216334927245 
0.029968589771298008439526228130 -0.782632846180784214062953196844 
-1.809774651092040720357090322068 0.110811753346817531973300674508 
1.032309363637869292773530105478 -1.189465253370114217190689487325 
-0.279075663278219088248022217158 0.554256404564147597824330659932 
-0.385106770769161443901396069123 0.520006566497630884349234747788 
0.369421609304903419968013622565 2.067809646195431394488650767016 
0.957305773294815254281786565116 -2.483505242506431454074800058152 
-0.115161512942185503827197123883 -0.786674299669537169243938024010 
0.382636431975782120851192757982 1.548610592277885000811465943116 
1.022314560332493460492742087808 -0.180148669915171366628925397890 
-0.321582600909192328764163448795 1.269065287573315492508641000313 
-0.382896337604768821627487795922 3.081378207527702528523150249384 
-0.246306938725313867566413250643 -1.272919837754401761742428789148 
-1.300618537465018764720525723533 -0.439096284804697090109470991592 
2.058908918074271454656809510197 -0.476096326020706284154471177317 
-1.504380622826988034290707219043 0.349724610908001998232919049769 
-0.249266342774473070864615920073 0.068641235988191995343044027322 
-0.272315364251441371923334600069 0.876834459072385774547342407459 
2.193847704769861906015648855828 -0.789836079135494251168836399302 
-0.050968008395923129760785030840 -1.318951305706306698084517847747 
-1.042077407420756163247688164120 -0.385872606122207417733704915008 
1.260954204733006234206982298929 -0.775068051762505483281984197674 
0.517190877269893767298469811067 1.029279514847222465334652952151 
-0.372350774259245620445568647483 -0.468379993086108392663646782239 
-1.149623120329889669477552160970 1.145653191131957848725164694770 
-1.308572615060798582931056444068 0.002176801129547252609125473910 
1.097489505321008529392656782875 -1.303796120518082579664564946142 
0.104727033853482309755378310001 -2.878590349517360369446805634652 
-1.792246080118402140612943185261 0.154083834960913129696891132880 
0.740800284345236370597831410123 0.430680114568185168355540781704 
0.517712257941907671998649220768 -0.041856451791214284441355886202 
0.169796008130288833548604543466 0.639610965209254089813839527778 
0.686592552520891685752246758057 0.540210665934343525762528770429 
-0.639808183779116856904067844880 -0.610029994033374545203685102024 
0.881226436822066139242792814912 0.618725052947317832874318810354 
-0.614366516517661942486938642105 -2.072589196793273469410223697196 
0.731885682679381588400246982928 0.087483230947245652076027511157 
-0.342669787215901189281197503078 0.077873337606346376693622346465 
0.778999194667649552670241064334 -0.882771646957350997197977449105 
-0.770274157016793914465324633056 1.448045603845582007807024638169 
0.818301017761923876747687245370 -1.533575184058266760445121690282 
0.349299843954656907829559031597 -0.868758222377402300473647756007 
-1.142523210939331068658475487609 -1.956928935827775717370968777686 
-1.910923136876093275660082326795 0.140232874686846503697879029460 
1.972493023370097242619181088230 0.020362789622669130729093467380 
0.693134290514375805969393695705 0.909349750469085948978431588330 
0.387853990570946327576251633218 0.877459523684971487433870152017 
-0.685970450320606106586751593568 0.126460464332041111479298933773 
0.745551228717048153349367112241 -1.198910220649439084539267241780 
0.820785821507540203079145157972 1.141904582513003196808654138295 
1.328665335449370710207972479111 -0.312747489964640468240730797334 
-0.690123365441164260403184016468 -0.026097715432572964056046060932 
-1.017094736792379494616511692584 -1.035256916430556950459163090272 
1.065737091043415629698642987933 -0.319617143779109991186260231188 
0.361171556466355792025524351629 0.082588949882417092562825189361 
-0.777779668221558972973639356496 -0.312754449906240516998678913296 
0.353474183935936714373582390181 -0.247366325589906288495711805808 
0.211699464798743630655764036419 -0.153449186711350993306268719607 
0.559392123955956277470136228658 1.364797247359835763447222234390 
0.705686077483221430028947906976 -1.229061807434607134226212110661 
1.007046147768866806160303895012 -0.577355912650587055345852149912 
0.902593765062600583704011114605 0.047565040226098150022426835903 
0.229546490152467891343590622455 -0.349808717681490577433578437194 
0.963447683038528235321962256421 0.076959177920950361251328786238 
0.307555886752669538353188727342 0.670133456719624098774090725783 
2.091748991117657663352247254807 1.335203782399532190794388952781 
-0.432395253147541014371313394804 1.438439157228243336916762018518 
-1.138399251975415360504939599195 -2.536239084776186203384895634372 
0.243359861666064547502941195489 1.352096270366458741207793536887 
-0.434094064936782042529728187219 0.517012996326689733272985449730 
0.949416357385724274386973320361 0.684664612504142122695327543624 
0.487955514086579555943501418369 0.533094999330130381309800213785 
-0.363106556360808019334740492923 -2.006701575701375972471396380570 
-1.308473088670453643445057423378 -0.561936251854879942335685427679 
-0.471298936477271779299513809747 0.607401520316569354385194401402 
-0.584257416267045637248145339981 -1.496967641227404222092900454300 
0.640835509671704328660268856765 0.276792280880004681886674688940 
0.427872366572695228548184331885 0.345475390195827902761749328420 
-0.186633273626218537666332508707 1.327753325114505278392584841640 
-0.061903910215075817757846010636 0.490124943952369496180665464635 
-0.393330151329525812275988982947 1.105275439173722284991185915715 
1.052974108764533900384208209289 -0.055288671625951003874011036032 
0.504956667545268245156364628201 -0.559438574454187764750656697288 
0.269942196924532029633780894073 -0.901157287579086085926860505424 
1.239770624085445804851701723237 -0.027576412943840517694171765584 
1.012580748055847745803248471930 0.320607776276548961380541413746 
-1.823666536634596546662123728311 -1.327435780345633364873947357410 
-1.632667924617910548690247196646 0.416906129975801897913356697245 
-0.979811603707349543235238797934 0.541623637283551340182441435900 
1.280645746100263160371923731873 0.815677456055013405666898052004 
-0.729164966578124129625848581782 -0.966452514238746340780039645324 
-0.673746728059023913814939987788 -1.848397870131809561655700235860 
0.063785012328674742243528328345 -0.628166857681578871819283449440 
-0.913688025387357272144583930640 0.602078518824384345542455321265 
0.763894192292947193934082861233 0.784349369864224099657690203458 
1.370667533669980731048099187319 1.197988887614623410016179150261 
-0.910195930283401732907577752485 1.299632364382927729451466802857 
0.995541509330972185232155879930 1.448671688530318135690322378650 
-0.115127940147822432903623735001 -0.461955797457895944724270975712 
-0.044259212569973435669190564568 -1.154525523086506133552120445529 
-0.381367935190184581539796226934 -0.879669420694670911586854344932 
0.189754254113311676688269358237 0.831227009306222952567111406097 
1.575240797724731356410643456911 -0.204396685056966731508509838022 
0.861327797748631107666028583481 -1.332638473596106987173470770358 
1.531634096397495703456570481649 -0.905150500349015230128202347260 
-0.245797794234271144153680666022 -0.664470549648179420465510247595 
-0.620356582827747859987255196756 0.066055601038467845476098716517 
0.108309523056018527920052463287 -0.779430694756918174270765575784 
1.757865673337236422923979262123 0.076866900801087351124962765425 
-1.308922924382600383452768255665 1.974069272860447643580528165330 
1.186980831598963392892187584948 -0.370770884720036053572300716041 
-0.129395992065052423125592895303 1.098331204556634688174199254718 
0.155764948842443795573586839964 1.116027873354416888318496603461 
0.423819131259420223134526395370 -0.516057996620895353956370854576 
0.642795713851033068131357595121 -0.861969070978599316568136146088 
0.360116490032129532572469088336 0.548960657803683860223031842906 
2.060789587498553565581005386775 -1.209672697979120803424279984029 
-1.079774068087327121290286413569 -0.116402079656332133050788968376 
-1.228235510807645702868740045233 0.347496896843169922330929466625 
1.081006531449202778816243153415 -1.262514885308960499443742264702 
0.632684108727655902804087872937 0.215016288604995248201490198880 
0.173300228089742408554840835677 1.890278602733045376638187917706 
-0.417592564121885279071477725665 -1.119701803343284618463826518564 
-1.928528223815486386527595641383 0.892779941862147152775719405327 
0.705853397144247884931189673807 -0.936686137171304222803769334860 
0.782040516644454952732701258356 -1.019692873893911722049665513623 
1.991611017476247802449051960139 -1.632276380341118882100204245944 
-0.422170234532985910735902734814 -0.662599762798321778589638597623 
-0.144901478488213331097256286739 0.380705792732811687528737820685 
0.289328087487967677837730207102 -0.344192743843225401612073710567 
-0.090417820298245132892844821981 0.404115092992925584169938701962 
-0.249166110867924006644358314588 0.175058325804483938537003950842 
-0.324702416282329875407697272749 -0.051498929598829366882650759862 
0.496735929914486395997386125600 -1.762096061929676604762562419637 
-1.144277234490403527544799544557 -0.439803893360555808733636240504 
-1.320892652588196325424974020279 -0.474809251452268266113776462589 
1.209948746143075570813607555465 -0.113606880887560005022329789881 
-0.398738897539996584029609039135 0.561819254692379810300906228804 
0.353780526231382064228370154524 -1.333304565609749747778778328211 
0.508706456987915722756099512480 -0.864206729365900927497534667054 
-0.005125243637320171276317015696 1.445954021530289956842807441717 
0.043848756120133218494583360325 0.419355956399710350090970223391 
0.239991117892376454312497457977 -0.940745206461504945849583236850 
-0.326635188394295561398195104630 -2.252003095054159853560804549488 
0.347068496020774219790183678924 0.259001002437621696827818595921 
-0.468414177128908149061459198492 0.453292306850359760783675255880 
0.601898371789494568417921982473 0.195513520173484306452493797224 
-0.589236568753532252706861527258 -0.989796720761894399664981847309 
-0.671228783891795743876684809948 0.770137531147601972492111599422 
1.046738592553320135181138539338 0.104439163894149450451109828464 
0.265884564098628872752527740886 0.709422874655921131825664360804 
0.146407232051039448705864742806 0.449407711789665154089590259900 
-0.022977450618217185734915020134 -0.746121402660239407822473367560 
-0.773558917757845354579160357389 -0.263231297389478868797851873751 
0.176643396422011461632806117450 0.304872609862771648536750035419 
-2.066641495588489529922071596957 -0.194825361894007481611268417510 
0.898212060902798814510106240050 1.043628871660106760543840209721 
1.219027476596420189736136308056 -2.502022498340492173696247846237 
0.772923560331429948533354945539 -0.822519038860297646564845308603 
-0.177819876139402949233314643607 -1.862221842893360568282901112980 
-0.482247711573575876808916973459 -0.468325928715903228027883642426 
0.512423466780941971876472962322 0.694702743385304466450236304809 
-0.866105988841490925800314926164 -2.043265368759956679411970981164 
0.147798989719653495189533032317 -0.096706136040799653419419712463 
0.562193899133103025533841901051 -0.163374428689106621082061110428 
-1.081609352847686889020906164660 1.066064332849039342221431070357 
-0.545107960313455319756315020641 -0.405138730863304541429670280195 
-1.243448753156746189318937467760 1.587426605413752467299559612002 
-1.567705953854692246807189803803 -0.345013741051855560293404323602 
0.703329801625719008839610069117 0.816467255204580411032111442182 
-0.460543760784511757577774915262 -0.933429613274090685948181089771 
-1.695189617475412635627662893967 0.110868488828958541847491403587 
-0.173636776783009483260400429572 -1.872670372854830844744355999865 
-1.028248032484204488312684588891 -0.351909636828701966049237626066 
-0.720495358133182661752869080374 -0.372125559742638334359554619368 
0.756225952872431883555748299841 -0.445376007880756152879087039764 
0.261223448937962066107587588704 0.229331100639318274936329089542 
0.113545945731885949969708349272 0.352771869903802770540579558656 
-0.236398656364307985233708109263 1.075673756541730696767444896977 
0.344642838124056105630899082826 1.181378949228048425013071209833 
-0.400367049981873890374117763713 -0.074814818616683806395961653379 
1.423070125367334792798601483810 -0.514741046713839467408035943663 
1.864045092233658218461300748459 -1.014206899321502319821775017772 
-0.805449905018771561415746873536 0.376370368965367962932333512072 
0.247955845072649616600557465063 0.084142554436053965116748543096 
1.210155100448177645233727162122 0.499539059549476749388929874840 
1.965237533523818802549953943526 0.079957240248156785655808675983 
-1.654796463672005168987766410282 0.637197871141797267391382320056 
-0.249670376752743783388410747648 0.237604502109737353299223627801 
0.461778185182386613494287530557 2.642413995564664830340007029008 
-0.180367966128756190835602524203 0.117982299479627614213761432893 
-0.272244642086426347216132626272 -1.050444136051446042401380509546 
-0.838030065598469042775775506016 0.135288794055587385800620836562 
0.154681988290798017038341072293 -0.491677699697118164579023869010 
-0.708456841362194555955511532375 0.256338305838903435240894168601 
0.970296574816320145373538252898 -0.458586236912022049416748359363 
2.075914733094972763893792944145 0.513442443636029088871453041065 
-0.961752758706902466379062843771 -0.025308138061450970168753116241 
1.547174001355160699588964234863 -1.009547281075357849644547059142 
0.008321415702572880490617279747 -0.749588277531702096290189274441 
-1.293748030993222553064470048412 0.438688176060194556793447873133 
-0.959096538283749966424807098520 1.262725056584775185086755300290 
1.815662767360075591227541735861 2.399475718183827321894341366715 
0.890457965144600849249911789229 -1.095414429108426013215193961514 
-0.820712732441373993275135489966 -0.148769114651483042033319748043 
-0.460338488657800359860061689687 0.109359073166993406300839808409 
-1.048928158138153987621876694902 0.878619766942481672522546887194 
-1.129345064775330698125799244735 -0.114666934900983993883549771908 
-1.399361371043060353613896040770 -1.200090132877698945179645306780 
-0.416909719044294246881321441833 1.044105320924870516918758767133 
0.283994564903738533345745054248 -0.258057748856724167296761152102 
1.138296936168205819583931770467 -0.376645340900623404323255272175 
1.602903688206059218401833277312 -0.701894672203780434216469075182 
1.091625144882753861708124532015 0.404666081906976282667187660991 
0.974640897508903480961350851430 0.864482226823287791539485169778 
-1.208320529625351191782556270482 -0.158618886066410808011184485622 
-0.032799985176230096739491415292 -1.023474913045055556537477059464 
1.112644342590393353731315073674 1.337747697525815793184733593080 
0.567019270655347851217698007531 0.897090496369983170232842439873 
1.240074851509858078202341857832 0.482188674675823714110833861923 
-0.787775531204200740731380392390 -1.249273469454566853897858891287 
-0.272466200564714544629651982177 0.005046072608852097615694809463 
-1.635356566965346702957617708307 -0.080169324631615426768327381524 
0.252005033150476565051434363340 -0.496090337485723620325472893455 
0.651429767036407203484316141839 -0.365560541388546489383060134060 
0.526865460450434364148009080964 0.264870011581037623216161591699 
-0.688118624111255794417729703127 -0.905523059459900636625206971075 
-1.319423293575154865209242416313 -0.135667677511429413117483022688 
0.314472528760513125867248618306 0.284604001144388607524859935438 
-0.688908843214986021941115268419 1.180510497471172204342337863636 
1.310286923657401514375919759914 -0.098350494865438189973083638051 
-0.174260344461876159893876092610 1.194680184861180549660275573842 
-0.854605534399263899736354233028 -0.337754501628215964004198212933 
-0.293037601066478581302021666488 -0.928666655417981989906195394724 
1.246655133714138719014385969786 0.780193575272810080356578055216 
-1.708859520249245589340603146411 1.523275919701446268206268541689 
0.644049229323561345239568254328 -0.875177951490958672131625917245 
-0.265893242596235757080336270519 0.160570950386208416427180623032 
1.118602897028179610217080153234 -1.041862146324154636545245011803 
-1.122468793552727994722317816922 0.259148424015861800207005671837 
-0.499674489211170524960436978290 -0.481989901089296457481481184004 
-0.593978297637070329351161035447 0.460061311407320094879480620875 
-0.415498598763430093683268751192 -1.015639939726967089228537588497 
0.516546139845627916287185144029 1.594139496812942091708009684226 
-1.187390764143649413142611592775 0.233328428686979227890674337687 
-1.300459824670370467813995674078 0.669492579580843294451142355683 
-0.203787958761897453063838270282 -0.939695354618679035141326494340 
-0.343779499409780475716047476453 0.347390126823036382575082825497 
0.154654908693126924568161939533 1.775319645250252209578434303694 
-0.615902489999900160100310131384 -2.027583334625509436932588869240 
-0.254332781742076241560113203377 -0.616036986516783402478836251248 
0.727135785158905423308794979675 -0.496503917701221764158248106469 
-0.853789575961764857225944069796 -1.679508850644745532321167047485 
0.820437300913056555273783487792 1.656073188806340024115115738823 
0.900060605634829147270181692875 -0.667695282009149848612139521720 
0.065700647716705307121998203002 0.755565784138335971853450701019 
1.327205751667621225209359181463 -0.265623000887685478677013861670 
1.040362366203004373943485916243 0.844166798117774175302940875554 
-0.985172019135114207522008200613 1.327166095408371049302331812214 
-0.581049759936142273808457048290 -0.499107167045277633210531575969 
-0.981232044855118501480717441154 0.900021967065616435021979668818 
-0.512178681316916573074138341326 -2.059999545564798584251775537268 
-0.565170328037054692238427833217 1.014899078446761970795364504738 
1.048514942238094604931575304363 1.400747827941640766269415507850 
2.111250239405848994067582680145 1.785222756205238514581878916943 
0.147354545414357940291694148982 -0.079609750929214406767187028890 
0.651515233205249510994860884239 0.581179507751100610235539534187 
-0.341968162655756136025786418031 -0.079519918751721277438981871910 
