2.577781594012396482185067725368 -27.903565538661510458950942847878 
52.921003145447727433747786562890 -13.628560543027299800655782746617 
-24.776337745501997744668187806383 32.612958206823812190577882574871 
-38.581088540294871336300275288522 -36.182673709587589883085456676781 
0.576701206834162150016709347256 48.099933667256465241734986193478 
-25.246902724666504980177705874667 -20.062781674616886107287427876145 
-4.120485507413014225619463104522 40.072712428073998580657644197345 
-7.489019191965285315859546244610 31.913310162443298878542918828316 
28.856045924342623720804112963378 -33.940281831422517200280708493665 
-23.594859460880364565582567593083 -26.882062426391094334121589781716 
14.537434176464266499806399224326 -13.263203611746817500716133508831 
27.693223028317220268945675343275 28.023669235053244364053171011619 
-48.282146715352332932980061741546 -54.575170599545998584289918653667 
0.982688700474735554735161713324 -1.588069676640458283145562745631 
-22.079319336428582687403832096606 16.967749390927902908288160688244 
-17.251407651911222274065949022770 82.223166333622231150002335198224 
36.362991981987136114184977486730 7.609131762397284504118033510167 
-0.320760824650770715038561320398 47.826140093479708070844935718924 
1.041609716978960431532641450758 -49.212259730892583320382982492447 
-13.294004515555114309677264827769 20.634981939812924167654273333028 
15.437352850487679134516838530544 39.766178214184819239562784787267 
-3.787588571098738476905509742210 59.493447742294748081803845707327 
33.410567578228281604424410033971 1.609621840525186087234033038840 
36.190211139002002482811803929508 -22.802466002461663663325452944264 
34.491312194232421006745425984263 -0.337832352438981686759689182509 
44.992945538487134626848273910582 14.189348194317133788899809587747 
-39.896833323023543016461189836264 -26.763933726561710102487268159166 
-24.895760091226158294830383965746 41.718414379868939079187839524820 
15.093480666613789509256093879230 98.286490982364824731121188960969 
11.812495401193910282700016978197 -22.602372967755215427132498007268 
-0.846465164184933449575964914402 -35.042560109688380975967447739094 
-25.987235620370274347123995539732 12.402191686152800542686236440204 
-3.108028779133649166510622308124 32.658632445758485118858516216278 
0.714008754662486033737422985723 8.745977076699032792816979053896 
30.770031125033717955830070422962 -30.457746357552800020584982121363 
-8.448622124178179149112111190334 -7.656257393325883953139054938219 
-29.915269057973958410912018734962 12.730315642018855015749068115838 
-17.394288533676871111310902051628 2.860898367861342883600173081504 
9.013163175941995675088946882170 28.999993352008754499138376559131 
27.295589949059568368738837307319 30.607656849258820130899039213546 
24.691817225711403693821921478957 21.906954615870091629403759725392 
-3.249951738783142474176202085800 21.520757023323373147150050499476 
13.473188043962588622548537387047 -23.625144259412977021383994724602 
30.692674024948829014647344592959 -20.712068446470155436145432759076 
1.930695697657073495179247402120 -25.042179616755301907460307120346 
26.532214652003489163689664565027 -66.126052370731784435520239640027 
-42.456710441692870006136217853054 -21.522912193332921049204742303118 
5.097490327430795886698433605488 -28.144408198076625637895631371066 
-38.462667322936617608775122789666 3.286997118374374249327729557990 
-32.930467560817859862254408653826 -42.060264854803662615267967339605 
30.401042275529214009566203458235 13.013720807649779231951470137574 
-67.142396863341986090745194815099 10.654172319328887752476475725416 
-49.902136728420956046647916082293 29.031794319101827284157479880378 
3.110469887933012600456095242407 -27.448992109290720975423027994111 
6.987869194874672729156372952275 -13.963951729997157613638592010830 
4.510074737177241388508264208212 -50.488255465250375664254534058273 
-14.013393399164236541309946915135 -48.289253145772569553173525491729 
24.838209602897478589511592872441 5.391269209443585452845582040027 
50.408390269000570071966649265960 -32.014330226336809914755576755852 
-0.035878050510220305113762151450 -8.786342262619790233202365925536 
25.248278471734849404128908645362 23.780437041579432388971326872706 
-10.213292570882362753081906703301 19.099865797749949081207887502387 
-38.393204925140992145315976813436 35.156732679455657830658310558647 
-39.119499921984598245217057410628 -52.929020084808918511498632142320 
27.206361803027999002324577304535 -1.328774654496585050367229996482 
-39.896316150560323876561596989632 -0.949032762668995388821713277139 
-57.328421420028917054878547787666 -34.155076294729795449711673427373 
-13.662571863687844597734510898590 63.399565745993868404184468090534 
-7.346057460335355671077195438556 -27.165764688904793899837386561558 
22.498192882851760998619283782318 -7.053176441429632959057016705628 
-5.080127894712871849947077862453 -28.378737203437065517164228367619 
43.996769354856766653938393574208 50.150436759176955092698335647583 
-47.270033878654253101103677181527 7.177285380676792669873975683004 
64.955234799147291369081358425319 -29.074924538223186232244188431650 
46.884703885219721541943727061152 -21.513834808598740977458874112926 
30.981691411126409008147675194778 -30.584957132646746202908616396599 
5.167521192789806150358344893903 36.748991498996304017055081203580 
52.002350302282287941579852486029 1.490444962251305405231960321544 
-6.629283413741978492339512740728 -20.305658522999046056156657868996 
-28.770203174733659068351698806509 55.705777210118270659222616814077 
-30.685382994629303965439248713665 19.754681802689738390199636342004 
-7.444860724076907132484848261811 -3.439635625509446015257708495483 
-30.153959136996622447668414679356 65.468300887512370422882668208331 
0.754560334546507505137924454175 -29.117757636260034104225269402377 
-29.933532637299201439873286290094 26.463056534312158873945008963346 
-56.102469668605280617157404776663 8.918306467948248439370217965916 
48.651315467462552533106645569205 -25.421765167751416925057128537446 
33.716572395187782262837572488934 13.705010887628953142325372027699 
5.521924332276457292323357251007 17.730917215945869003235202399082 
27.060240419060043848276109201834 2.615560996904023660647453652928 
-23.335350291030746205933610326611 16.813226083064630955732354777865 
-7.765293023746551170916063711047 25.729836106829694131192809436470 
-51.997916036709085574329947121441 -11.940383536088223337401359458454 
-15.734416851779341683936763729434 -35.346625462312339038817299297079 
-8.384108338962022344276192598045 3.728134928751557275461436802289 
7.745208098434449794922329601832 -37.512417306127325389297766378149 
-29.233139147632588361602756776847 55.146722599246842833053960930556 
-58.419671656296557671339542139322 29.379496251893257863230246584862 
11.874391579813037722601620771457 6.691182367526741003871393331792 
-12.262012763840502316270431037992 -31.750484116827816905015424708836 
16.426099411239736269862987683155 33.694231871546975298770121298730 
-50.473438847746400881533190840855 -22.844884969996556378646346274763 
6.779927594609704399886140890885 18.100161451569157122776232426986 
-26.749983650386980116309132426977 50.025548704019911383511498570442 
-54.116797176145972514405002584681 -20.554183658224012276605208171532 
-47.322010528956916175502556143329 -5.818415938084715577360839233734 
-33.738376603373843920508079463616 43.809389777552489420031633926556 
6.118084452961038977036878350191 9.594777632520276711147744208574 
15.019156580398787426133822009433 -27.346947486487977130309445783496 
-26.953807124050236154744197847322 -2.670670456729246300398017410771 
4.362355240061347672053670976311 -5.885245583403889924056784366257 
30.195107098753929619761038338766 -15.380997622559029025524068856612 
-17.190171195913446666736490442418 48.163717992961984748490067431703 
-36.839232083589209310048318002373 68.667503368685629538958892226219 
5.751105236965378786351266171550 -24.622618085659421893751641619019 
7.307719759510220569609373342246 -5.279496914081310166011462570168 
-7.700863733655516796261508716270 4.063365843676738364820266724564 
-41.859145213851341793542815139517 -9.301799498269843979869619943202 
49.763434787885721277689299313352 -26.085613749624307899921404896304 
-48.686579421072991635810467414558 2.410040355589210037123848451301 
-74.568163762209906053612940013409 0.832294573248061553272236778866 
-1.357177192135582188825537741650 -3.756367679794973213347475393675 
31.995511994927007037858857074752 3.800114597568969188046139606740 
13.250664998535668814838572870940 -2.252041007741189204693910141941 
39.709838627296520030540705192834 -42.122785917367124852717097382993 
-6.747344470811110994645787286572 42.960072432653710450267681153491 
-1.584534429854585368957486934960 36.532721509768407486262731254101 
-12.335254812608228647263786115218 -64.919836781467793684896605554968 
-4.008548800892981489596422761679 -50.637533791243967584705387707800 
8.848630992315463572595035657287 15.094253085080620024882591678761 
-19.664087943866324081909624510445 -29.558268314507323282214201753959 
-73.892319770109807564040238503367 21.425981767249510312467464245856 
-31.149647163405120409152004867792 34.346330490052935147105017676950 
51.267614371647418636257498292252 -5.722356056375925703605389571749 
-26.713300134447123923564504366368 -0.154107178542217226890898018610 
2.479327400293087180216389242560 18.066498815956506973634532187134 
-20.834133289239552766503038583323 -42.079374634346848438326560426503 
-19.167860565344749801397483679466 -2.202629538339472503594151930884 
7.809138152320816317342178081162 9.960537606737599247708203620277 
55.224366658025957121935789473355 -50.840875680037669326338800601661 
-25.264111112602648745451006107032 -36.299798734354936868840013630688 
-0.657901870065447980095996172167 -68.627312209141194898620597086847 
-23.719754401534416388130921404809 30.358889731427485259018794749863 
-60.627841615492414462096348870546 -21.466692589233701937700971029699 
-18.635372487748654179995355661958 44.291302100260480756332981400192 
61.966512641586433574047987349331 -5.382169161816200642078911187127 
10.701963675697374611672785249539 2.998542320566450314345274819061 
-7.887969655068701513300766237080 25.854039848533979295552853727713 
3.383842125315689841613675525878 9.078713892555171582898765336722 
7.673068202077750754597218474373 -39.636461660074417068244656547904 
-3.735205028337256649706432654057 7.075885490361432772488115006126 
16.156944154651156964064284693450 30.287958279723362409185938304290 
-15.201972134291789728877120069228 -26.566599694088104399725125404075 
-0.237410693925717453112156363204 -37.024088812111422441830654861405 
9.978604653129401924616104224697 -76.740766015625041518433135934174 
-77.437710609518575211041024886072 20.762748919300769046003551920876 
15.091490661923351979112339904532 48.993791488973471359713585115969 
-25.081868167071391440003935713321 -42.718613771270916856792609905824 
10.663472200536215694910424645059 -8.154147339153645646092627430335 
46.574520667405849394526740070432 11.222773688544307901793217752129 
-26.993724509715178783153533004224 -24.391547602429273666757580940612 
47.855860510142520070075988769531 33.604764759710143096071988111362 
-22.951527571154887397142374538817 0.039178836711943887394227203913 
-31.519379856843528386889374814928 -33.486532862201585203365539200604 
-1.684620833256904148811372579075 33.098291547315255911598796956241 
62.107972653985115130126359872520 -38.159420416204213211130991112441 
67.044276352616464009770425036550 -15.003154191863075084256706759334 
-1.511144526829651724142422608566 3.469546355404110826725627703127 
-22.709090180404079006848405697383 15.155826596796032390557229518890 
-1.462138463368896523775219975505 32.397120215172861890096100978553 
-30.538489995332319892895611701533 18.476580845172520639607682824135 
65.886198700175853559812821913511 -12.303382609210927967069437727332 
-61.742632167130636844376567751169 -30.493620541079828001329588005319 
-8.784030098766596239556747605093 4.982003195264072203940486360807 
69.033444384940509053194546140730 -39.728425772985005437476502265781 
-18.769713229618176342228252906352 -31.605298592391598333506408380345 
-54.272081454897147523297462612391 -47.274938241680615647055674344301 
-13.620579400699487138126642093994 -14.545115459118356682211015140638 
-4.804517289560020998351319576614 -3.893238378941010324751914595254 
27.636077041496896811167971463874 16.584650116233611072402709396556 
-1.525920467425763149549311492592 2.405795709202308785279456060380 
26.902932696893486763656255789101 -66.012031224936237094880198128521 
15.256181394046569366196308692452 22.834066369297573828589520417154 
-23.789242412581032226626120973378 33.344779296829784698275034315884 
-19.124833628975004273797821952030 -25.637517971675414685250871116295 
-16.292954342676942758316727122292 17.855725390585746481519890949130 
26.468901454849266485780390212312 40.655067296328439852004521526396 
70.805435682068946334766224026680 -18.631755871945681946044715004973 
20.452569559808470245343414717354 8.421712154864060551062721060589 
35.601970292156018160767416702583 -5.468334688608230464978987583891 
-8.289899226527499109806740307249 21.259470871797660151969466824085 
22.210887537402225433424973743968 -56.165308082863191430078586563468 
-32.590551739248340368249046150595 -16.404168397280290747630715486594 
-43.874150629740867657346825581044 -17.914709189059159655244002351537 
-9.848543323057121767760691000149 -6.035790977741957163971164845861 
-11.154978103310730475072887202259 -9.831383166091701042432760004885 
-55.328080109719692813996516633779 8.430609035477967694305334589444 
13.835144576074739575233252253383 23.353871344765806838950084056705 
-17.450882487446268243047597934492 0.226085733173142955365619855002 
19.362269419178733897979327593930 5.317432098093241243930151540553 
-6.815879567482600265293513075449 -11.680105599241482394745617057197 
21.578549354948751926031036418863 24.648672014505919491966778878123 
28.994596715552297894191724481061 22.446471763139747679360880283639 
-32.602157330413646718625386711210 33.281286283827746785846102284268 
-41.531333131023842497597797773778 -36.566887010650653166976553620771 
48.781609503778824432629335206002 4.714494109106095010019998881035 
58.744263669953198814255301840603 37.049029978378172245356836356223 
-35.067164340074789663503906922415 -4.683450095546447755623375996947 
44.255559418753293243753432761878 32.074211249948959334687970113009 
15.684071993048487314581507234834 36.924863481982086454991076607257 
16.917930959181859407181036658585 3.985350562069939428511133883148 
-29.860091916575036918857222190127 -25.926055559841188369318842887878 
-35.885504261088712496530206408352 -19.469982212375661845271679339930 
-20.557091117148779346734954742715 23.271660337185000599902195972390 
-20.889462050512701551951977307908 8.081594805711716844598413445055 
-5.815940161508287076230772072449 -20.426931891085274628494516946375 
-21.135355797593067705975045100786 31.836051590639851127662041108124 
-23.495109027700991077836079057306 80.585761842700989632248820271343 
-62.056551522686817179419449530542 52.263709796159268705650902120396 
-13.408485032269632952761639899109 -14.960760758991980878818139899522 
-15.572584424385937040824501309544 14.444902364343413125880033476278 
-21.088711389845020249822482583113 3.845619267410030683862487421720 
4.690592100111494744396622991189 13.586298513481080973974712833297 
17.090628348544505854533781530336 -11.624109589693807365051725355443 
-11.809672384609648077002930222079 7.450507968294132865594292525202 
-9.927964092353732894480344839394 0.319925101947678314218137529679 
-18.309805760660992746124975383282 7.096935720036007033684199996060 
-70.612248933362124603263509925455 71.613217455522104160081653390080 
5.441331868462871312885908992030 -50.997856115665101128797687124461 
-30.579835932871635151286682230420 72.246457171685236176017497200519 
34.756799281212245489314227597788 44.701643982357730067178636090830 
34.051259769242683717038744362071 14.994439985844140394988244224805 
-0.192346895999980560532094386872 0.730123941725388192480750149116 
45.284247510077463516608986537904 -21.884845343510072268600197276101 
20.299580246565398056191042996943 -27.898934795452902335455291904509 
46.197261695724947117014380637556 -11.213936252667522808224020991474 
20.544326467031581273658957798034 -40.347648354766846523489220999181 
24.326482691815613179642241448164 -48.248340059643524568855355028063 
30.626464281669147027287181117572 -14.675711024241071100959743489511 
47.134907414007912507258879486471 33.761812162523852975937188602984 
-21.519919987714413167623206390999 -38.699174464858678845757822273299 
58.977539062964581262349383905530 -9.823425652713519085068583081011 
-43.315809279167794443310413043946 -28.956876513125727967690181685612 
18.213785027602980903793650213629 55.186823930321047271263523725793 
-33.347011992931356871849857270718 40.984244982344634422588569577783 
17.056326972855231360881589353085 -11.820505246952858868780822376721 
-30.724794228992465150440693832934 36.929110146010394544191512977704 
28.028987803113086130224473890848 59.239415431381608811989281093702 
55.827813575105196264303231146187 18.814733017865485464881203370169 
34.461450060852158117086219135672 -1.697460845822088337797595158918 
7.857442470294294878385699121282 -12.897068958981039443756344553549 
-18.314967224933599965197572601028 -8.175270804814411818028929701541 
2.302729179460065722651052055880 10.356809804398817931314624729566 
2.170586391378543922314747760538 0.690774739480151556136888757464 
-63.770169262282777822292700875551 -66.916021767138261111540487036109 
16.098126015715742198608495527878 -24.010177092721548319786961656064 
-19.021946792701740491793316323310 -20.257486863887841366249631391838 
16.847471748234575272817892255262 -9.310828097421550708645554550458 
1.204118023855837549263014807366 50.234012167215276178922067629173 
-17.519874048224245655092090601102 -3.270166889452613467881292308448 
-13.460536310016566474700994149316 -18.028099232810149032957269810140 
25.016888096829887899730238132179 -20.377340160638418353755696443841 
35.191377453024507815371180186048 -45.878637232444340554593509295955 
-2.854096543454867074274261540268 54.124713621519326522957271663472 
-47.253842253920481653040042147040 30.395292703006258960840568761341 
-50.557052217750879208324477076530 -37.041095382979598582551261642948 
14.194107268349245742911080014892 21.146709790519690130849994602613 
20.191156081776352237966420943849 13.713236358302715700574481161311 
12.963535762332426770626625511795 -0.751644408423871368540858384222 
13.713206569120149680429676664062 -11.413723120451724213353372761048 
-40.113118253976082883127673994750 -37.378974565170281607606739271432 
44.664489188446751199990103486925 1.009544411161023447220941307023 
0.995335699049456401610314060235 -34.751667873595010860299225896597 
-44.113652626500609699178312439471 11.768654519051594320444564800709 
-5.027568804738947960686346050352 -20.773692025966806085079952026717 
24.285135701638207450514528318308 51.809570711527562991705053718761 
7.245903408461009220786763762590 5.181552905273390408069644763600 
26.649402004681189026769061456434 17.166167743843200099718160345219 
15.812446881048366265076765557751 -40.253135407764808917363552609459 
53.814709093806953887906274758279 18.101257732702848102235293481499 
7.898731734851367036753799766302 -1.422491261364209336193198396359 
76.424426690939753825659863650799 -83.101134117081670638071955181658 
-31.652425043617110844706985517405 -24.709355274248451905805268324912 
-2.242112150607443510352823068388 26.365692861006042591043296852149 
-11.836591285340844592610665131360 -8.100775535952898565028590383008 
-30.257321920757096478382663917728 -58.136416589161612478164897765964 
-2.966683444256907442593274026876 42.001558412928943653241731226444 
-38.127476810302297849375463556498 74.753357800028368274070089682937 
42.263744557947688917920459061861 19.833758234756064808834707946517 
32.615581407673879255071369698271 -11.627150292011187104890268528834 
0.500472189142304291209484290448 -52.024610834760750321947853080928 
-35.915294035420799900748534128070 -7.985539939253955665776629757602 
-10.725643217663769490854974719696 -51.274105676255615549052890855819 
-31.343302275736721895782466162927 -86.139357670162084446019434835762 
-11.390510873476600295362004544586 -6.803471488903894304201003251364 
34.765604220824869230455078650266 -28.597490423383533197920769453049 
-37.466094191616264197364216670394 -2.816050127131197733376666292315 
15.399881733915004033974582853261 -21.915536476262531095926533453166 
-11.402854587233091976372634235304 82.078148434759000906524306628853 
-60.161432673950471894386282656342 3.868314790498565969301125733182 
30.634725122011609244054852752015 43.071311182230061831432976759970 
7.067390151351940374979676562361 13.976747196167863762639171909541 
-1.897433349638848021356807294069 -11.457222300259694236501673003659 
-29.902916232344093572237397893332 55.178190425631058246835891623050 
-2.230773190819462570289033465087 2.516033883846574781273375265300 
-43.345023007332592612783628283069 6.080129650218614401069316954818 
-8.200476923799072892506956122816 61.279946008468883178466057870537 
13.193265992826466614928904164117 32.348066873759968586909963050857 
36.980137679284247553823661291972 21.246140674634848011237409082241 
6.297353931875708354937160038389 -77.477216154895899080656818114221 
1.747530160820595312998193548992 0.769554806655294854067506093998 
2.386086143267029058279149467126 -40.204390690548223119549220427871 
30.655083664556215694574348162860 -4.354162746902620284572549280711 
-84.593939527083705343102337792516 8.115798370391253513389528961852 
-31.908361341757803586460795486346 58.420609668137316816682869102806 
-29.112896749245983585296926321462 -7.195836664280825800688035087660 
-65.119169595688134677402558736503 2.177556768384310004194048815407 
-31.149825056247294696731842122972 -28.872768698037578616322207381018 
-7.717001268800053992436005501077 -8.934621509158343855006023659371 
17.277269130599101742973289219663 -73.474147612224243175660376437008 
13.578114494281029678290906304028 -3.332564315524574993787609855644 
-27.239040036126525023973954375833 -37.568815759342086835204099770635 
17.233543877768404684047709451988 -42.586394822375311264295305591077 
-36.601794246322697290452197194099 -17.122916426869217332296102540568 
12.462443409551505979493413178716 16.363242634384437934613742982037 
43.284775453519387156120501458645 -4.319761908006139350391094922088 
33.300182761025624245121434796602 -18.265994099112305093512986786664 
-17.634478835603701440959412138909 28.316854186347335087248211493716 
-44.735005859881475487327406881377 -17.013884392817907098560681333765 
-35.361345831165579056687420234084 -2.562312739795455485136699280702 
-0.674412983274692123814020305872 8.346660088756076234517422562931 
51.139857620907804403032059781253 -23.477668621704385287785044056363 
-11.647415600941545932300869026221 -4.152640417332293054641922935843 
24.486006875944227090258209500462 6.542728481349479707773753034417 
13.051238482940108909247101109941 11.607511313487279380751715507358 
-26.086005952037325528181099798530 -3.686452572486366818793612765148 
-15.496749418971774048259248957038 -5.744825493692594875483337091282 
-58.166177486572863131186750251800 32.036826688558861064848315436393 
53.793980491805925225889950525016 18.131810231928518817312578903511 
7.242156200735058391160237079021 24.157465234783895624559590942226 
-0.387469090458444576086094457423 -26.304108253651506288406380917877 
25.419567884466246709962433669716 -11.118258383177069603675590769853 
-25.478546388532720357034122571349 14.409215143232119160643378563691 
42.921324070224081026481144363061 -45.844544826493695666158600943163 
-8.200979892551259808897157199681 20.500586601750029558388632722199 
-14.187046565369483275276252243202 9.215597036006599296342756133527 
-13.022447417750647957745968597010 25.153131275027043045611208071932 
-36.215879137992224912068195408210 -31.118694276926255781745567219332 
23.986499827979422150292521109805 55.143234105483784901480248663574 
2.383631248589903606216466869228 -31.989698604527596614843787392601 
14.415367532729554511661262949929 -29.645514681257033373640297213569 
-12.937799419561983427229279186577 -13.286246052464193212472309824079 
36.711110517154260435290780151263 -31.831196214942899302968726260588 
22.791639577681770845174469286576 -21.155713386930990793644014047459 
-32.864299465265190747231827117503 59.775098829803610556155035737902 
23.297451148538577569979679537937 33.689333554895824818231631070375 
64.958328391622131903204717673361 -15.271900560353609321850854030345 
42.040908040287234825882478617132 -58.539117756300591111084941076115 
-10.443765072846531438699457794428 -36.759534495577412371858372353017 
-1.776177477343900079631566768512 71.818444951317260915857332292944 
18.006282219033430180843424750492 -26.435275778367312682348710950464 
-2.706865470563979414464483852498 2.851846140098414750241317960899 
38.278898169598029710414266446605 -37.937434600323960864898253930733 
-15.666766382039220673050294863060 -39.893662237988202434735285351053 
-50.535170247620868622107082046568 -4.605765862188240689079066214617 
7.968426290056264349459524964914 32.939624645134799152401683386415 
11.037673282221973636296752374619 2.073307468145699772321677301079 
-42.673940667878738963736395817250 10.325489568304723420055779570248 
-25.797921872604746340584824793041 10.021379187985239411773363826796 
-11.196262803787522699394685332663 -34.371915499526409121244796551764 
-23.746036996376854943946455023251 -22.483154597938359131603647256270 
-26.225729904758701138689502840862 -12.395570170587811631435215531383 
-8.290617042071316333817776467185 -24.962079809037859945419768337160 
17.767074821643163318185543175787 17.006293080671152750937835662626 
21.354160809558777600614121183753 50.725778061506915150857821572572 
-51.362493281953653934124304214492 -20.084457063121924136339657707140 
-22.083482433293667668294801842421 -5.390782034524134402886375028174 
-39.781903159201263520117208827287 -43.244710492701315729391353670508 
4.886676649929846405484568094835 -25.656461773430997652667429065332 
-7.795007616714116238654241897166 54.516118291624799496730702230707 
-1.068017227109624656122832675464 22.996604063353697000593456323259 
13.265171943972481116702510917094 -37.224333469180479028182162437588 
20.182904176766442105872556567192 15.072263372187821417469422158320 
-6.260566912174023279646917217178 -68.315046963319886685894744005054 
34.552144767785776480195636395365 9.450499840582441635206123464741 
-29.999264172083663027024158509448 2.785849138193771779015150968917 
-25.936920965103070102486526593566 36.237379987047518170584226027131 
19.301675888772162892337291850708 -11.034489973740368995436256227549 
12.083265399324435662720134132542 -56.301746382863996132073225453496 
-23.134337471160666410696649109013 -16.045383141621311295921259443276 
-8.681890495218087977491450146772 25.954938740409154718236095504835 
-41.630965187192266796500916825607 -4.052002036685355079725923133083 
-30.362484707927137606020551174879 -22.982451570448098721044516423717 
-42.868819377015306315570342121646 4.463748445287194499542238190770 
0.286500201120951203392905881628 -21.982563738418662069307174533606 
-0.845704928197630323438716004603 0.191034479476090979233049438335 
-13.801566385138601233961708203424 32.491646095449851827652310021222 
20.894527682539113300208555301651 -62.313057622213918307352287229151 
-65.438213100820064482832094654441 10.129517002126753766333422390744 
-79.673486351520750758936628699303 90.363316551950305210993974469602 
62.433380680167196885577141074464 48.213654173577808137451938819140 
27.059354529845144554656144464388 30.044790518490309239041380351409 
-29.111525463433967075843611382879 -45.388486151818902669674571370706 
-9.790317973129891271355518256314 27.492310441120498154532469925471 
-42.603380008101481735138804651797 9.379210834511782834965742949862 
-8.751054455660575825959313078783 10.795329553622094564957478723954 
8.422443673330029412227304419503 29.886132893808344590524939121678 
-36.315703686441409558938175905496 -25.378510944479117483751906547695 
-0.765703440472989882437104824930 -28.189294605327500420344222220592 
-27.045829008580994923249818384647 -33.849338542031190968373266514391 
7.382913730189931023062399617629 15.119509810391415172148299461696 
-19.444483034466244930626999121159 -27.759785598122817873445455916226 
17.814665080530389218438358511776 37.373497849168408890818682266399 
36.004183819011011280508682830259 0.354254712508367930468011763878 
-27.022890226896603138584396219812 4.677814594147399418488930677995 
15.201355168004816675875190412626 25.614530160927465374243183759972 
57.901328389959296316646941704676 41.366519276588441300646081799641 
-121.985708448107516232994385063648 -42.546042315091511909486143849790 
-28.017604316860676760825299425051 -7.405858564692911372162598127034 
6.767368493829152953367156442255 27.554426182993037031110361567698 
-23.765534240198299187341035576537 63.186051502879038821447466034442 
-37.273934235676918547142122406512 30.175170197244394643121268018149 
-52.782002644415982217651617247611 26.285591176372683719364431453869 
16.904774962910142477312547271140 -41.422556800373456553643336519599 
11.685230127005741707080233027227 44.550424557917096990422578528523 
-42.758996140378826567030046135187 53.874732645999031888095487374812 
31.510378045724387163772917119786 -20.847392836133153082300850655884 
0.258970268300773298619787965436 4.255523424653178565790767606813 
12.776470942994571089457167545334 -20.138661055224591933665578835644 
51.674211644904190166016633156687 -27.978150122298124813369213370606 
-59.764422687306364423420745879412 3.972071464930614581589907174930 
-45.683027695126817491200199583545 -12.451593707485674400459174648859 
-64.208808317006173638219479471445 -2.116388204966843211707328009652 
28.063101038291868860596878221259 37.933414842604150862825918011367 
-25.678232998556264732314957655035 -52.768735596197018367092823609710 
59.832887858990346785503788851202 -20.703686146235561693629279034212 
-23.596258679944611458267900161445 -18.557249726667926381651341216639 
1.710138892678450872608664212748 38.257551385993259884799044812098 
18.023861902275232438341845409013 0.101322006893440175190335139632 
57.278159662011873365372593980283 -14.071715429669524155542603693902 
32.718037375163682156653521815315 -45.353927494949786591860174667090 
-47.229609994910916270782763604075 -37.008318173398265571449883282185 
-0.524053892655793163157795788720 50.039316993417251921982824569568 
0.214526241410446516511001391336 18.797109096599683653039392083883 
48.431046483129847501913900487125 -13.451605901126551856350488378666 
-60.448568775411217757209669798613 -9.009846328790395375563093693927 
-33.531698059271519696267205290496 47.711780998473884096711117308587 
59.304714426944684646514360792935 31.200479954893921785696875303984 
65.908305519883981560269603505731 -39.648556769093509899448690703139 
-28.957660177895434117090189829469 -20.818784349638153940986740053631 
45.462299402056231656388263218105 9.577744664248371009307447820902 
58.750079743377568775031249970198 -1.462263408051917679131292970851 
0.053519307482693179167654307093 -8.572617953117216416103474330157 
-4.825951214365261421335162594914 -46.378897355857951367852365365252 
67.343524416805166765698231756687 70.534304175871554321020084898919 
10.366350108192039058963018760551 -26.633959465423721724164352053776 
42.821063103668578264660027343780 15.364984451286652245016739470884 
-6.103377332292289736415114020929 48.271348273402267636811302509159 
17.282484663351635134631578694098 13.979942580443792010669312730897 
83.810995666253859326388919726014 -28.217804127163823579849122324958 
-31.433648144349284336840355535969 -43.558742139192531794833485037088 
-18.997029502548127055661097983830 -2.188262535463465496832213830203 
13.515808096999402110327537229750 21.025454260242817383641522610560 
29.719568342123146464928140630946 -5.090744567873112913503064191900 
23.574106114413485357772515271790 -29.194572272508743537855480099097 
-13.234378625854841260434113792144 31.422887503890809313134013791569 
27.897065080882857301958210882731 -9.004487649033674045995212509297 
-51.945821626907786594529170542955 8.397844049571713043178533553146 
36.351821439631244459178560646251 28.408767839828946932811959413812 
-9.525147885264008351668962859549 14.059223123155588197619181300979 
-46.997956852098951685547945089638 -9.631373749609480228173197247088 
20.223534169039840691084464197047 -59.644328527857851440785452723503 
-16.017484427858121875942742917687 -4.628554788025899036085775151150 
9.052723849479800577455534948967 -5.293026315423126071380011126166 
7.514391374413277091548479802441 -15.841722715777454055796624743380 
65.478168634549930970933928620070 -38.013592763866931534266768721864 
-47.845480299160676906922162743285 -36.141236386704079563969571609050 
-22.762540427889490501911495812237 15.123487886829508397568133659661 
19.386654978644287439237814396620 25.407816242449481336507233208977 
-46.426775566453713395276281516999 -2.152547650226992459465691354126 
46.551263914673349120221246266738 -10.292721217924782450836573843844 
8.824637071014912237387761706486 57.383017701589707826315134298056 
12.858046547954105065514340822119 70.542394187336356026207795366645 
3.304312815933876379403955070302 -26.899705518927003566886924090795 
36.773894966513474003022565739229 43.994702294714642221151734702289 
43.642936888616077339975163340569 8.676150899523438653204721049406 
74.003985692781071747958776541054 36.515935512034282339755009161308 
11.589252835380390749264734040480 35.480274457207542582182213664055 
-37.115164451555848756925115594640 57.624063980056945410979096777737 
46.105847859729919946403242647648 -42.487823277915794051295961253345 
12.354203077887003558998912922107 -7.624053008458812286107786349021 
8.265984567276296601789908891078 -10.859642921544123694843619887251 
-5.026471361861151621042154147290 6.410532879727146138293392141350 
4.425026294144402072561206296086 -53.969275941268534779737819917500 
11.541105237228673985327986883931 41.526956221841111016601644223556 
32.479984031133646737998788012192 43.501684279662697463209042325616 
-32.075179407270951514874468557537 12.901451568077057174832589225844 
-20.864816666418693813511708867736 -17.279429992599656173979383311234 
-13.064593120472263620968078612350 45.591206687907707362228393321857 
-30.284508782399562676346249645576 -16.162705673532805406011902960017 
17.866887615631082297795728663914 38.845432548944714312710857484490 
-36.708477156657210116463829763234 19.084355854950594277852360391989 
71.537115943515260596541338600218 1.349884219546730435013159876689 
-37.756645442659809930319170234725 -51.259803804622002587620954727754 
-22.163376888030690281539136776701 -10.869286381131711749503665487282 
-1.991008517625095564085313526448 19.816735253917986625538105727173 
-26.613025248912226317088425275870 16.132025881120007682056893827394 
-35.735378285292931366257107583806 10.108352469024982411838209372945 
35.885608200347896001858316594735 -1.309887223988493332171856309287 
-44.782845329319364680031867465004 -1.007808985335708840125334972981 
3.908460257691467987228861602489 -11.249406263161219499124854337424 
26.511804115693518468788170139305 -57.223502353946344101132126525044 
9.396399769339414120850051403977 -31.375714567906371144090371672064 
1.105231073255623641671263612807 14.618277789927384802126653084997 
28.395994065898001679215667536482 49.737030445318715976554813096300 
-20.627030087423879223251788062043 -16.131702023088422492946847341955 
31.379984502816856917206678190269 -8.312552731477538259241555351764 
8.659851718281196042426017811522 35.352493090253247487453336361796 
-7.504187346563157667844734532991 20.167039986882510760324294096790 
6.917668303497686466130289772991 -13.316710809910627943963845609687 
7.479176455418851787726453039795 40.704887360255064265857072314247 
43.797181681564048005839140387252 30.844145308850990261362312594429 
4.737799575970618626286068320042 100.605313476782242787521681748331 
16.170305796197339986974839121103 -9.117006228209920237759433803149 
40.275906970925753114443068625405 -54.239851590532609293404675554484 
35.043681724827663970245339442044 20.103155756539429432905308203772 
1.894268514233015565650930511765 -16.056675199732548975362078635953 
58.855951177406979013539967127144 53.147142269321051344377337954938 
-7.267380571036877512369756004773 10.628652252805769862220586219337 
-25.270195090850812391636281972751 54.511120065089002650893235113472 
-2.991201834226415723350100961397 13.317870029652883800963536486961 
23.405350122710544269466481637210 -74.815978656807487823243718594313 
-22.570983949889495079332846216857 -2.465602615680591469526916625910 
5.992273009376948955662101070629 -20.158192432863689447231081430800 
-22.088864090656645799981561140157 -46.754789219646902154181589139625 
-43.258054177256710204346745740622 -37.965459057208015281048574252054 
18.737646640766239869435594300739 -10.679945100485854325711443379987 
52.462368718959595526030170731246 22.940949103981189693968190113083 
-22.608305357606543140036592376418 -12.401503213135754322138382121921 
3.673245616238489219540497288108 -28.292312410103072295441961614415 
40.255933930778169838049507234246 -7.854576464055035955880157416686 
-34.154520797512716967503365594894 22.550560174652666489691910101101 
12.157503013527943380722717847675 -21.100737356903714214695355622098 
30.203352953366714217509070294909 -29.300243188457077536668293760158 
-8.428827064205769659110956126824 -43.712174622534675449969654437155 
-32.627574435165278998738358495757 4.149236562796389193863433320075 
-9.467472650579283666161245491821 -2.122691086306993213383975671604 
-58.385667156584581505285314051434 10.197883162006736057492162217386 
-22.417243053527279528225335525349 34.388946811619376831004046835005 
47.366861791273180415373644791543 -14.221194352688634410242229932919 
-56.152713348356684264217619784176 43.409362899364673182844853727147 
1.208388377111065281610535748769 17.337881081626647983284783549607 
16.474988970471450500099308555946 -8.508008377300004809740130440332 
6.566136646054189895949093624949 -51.495696155763468482291500549763 
-48.355179358631033892379491589963 15.759986624191540727224492002279 
18.609900706819914262268866878003 2.709206234105197452777247235645 
-58.876811547519963596641900949180 41.944525069370840242299891542643 
9.289679249597527999071644444484 36.925789155109612238447880372405 
0.478471659751516398273452068679 59.817068788758668063110235380009 
-10.935199831361172684296434454154 19.523384751530670655483845621347 
5.612017912291385357548278989270 2.694060818628347675485201762058 
15.335081488520724946056361659430 21.707965048033276644900979590602 
39.065188206682165628080838359892 -26.822147282515238941869029076770 
2.025651762018284784971910994500 -70.158466412141166301807970739901 
-1.488861285376803067492801346816 -39.516701098884780662956472951919 
-21.689877061410186342982342466712 -2.034374715127020394334067532327 
7.059417717972394257230916991830 32.630810281821858609418995911255 
-18.775758228733259613818518118933 -12.478802373575312856246455339715 
5.064067921614478606784359726589 -25.455261312372176263352230307646 
-2.762549458016346548561159579549 3.433448931436306139630687539466 
-0.152282957608406377403298392892 -0.815383157766360611162781424355 
-28.266992450353576771249208832160 24.253159299352329725252275238745 
-6.633457553800901962404168443754 -1.889222753529534060135119943880 
-20.061440206287706189414166146889 -20.084709446494549922590522328392 
-7.208497558550130079879636468831 28.483075140089454180269967764616 
-1.153601110336339274908823426813 -3.382379181547452873246584204026 
49.877876937646902888445765711367 28.341387945621782762373186415061 
2.060251612975095625301946711261 5.171774783604210057319505722262 
-44.679251757894604679677286185324 18.896410465794119204474554862827 
-13.039105334973754679595003835857 16.890635706308039232226292369887 
-11.850385447616181622265685291495 -6.070166688969213630855392693775 
-50.563336327009821502542763482779 -53.217494968643968888954987050965 
4.541620307786519816772852209397 -25.038908846910757688419835176319 
26.801996572733230550511507317424 -2.575133173536878317122500448022 
-30.999497499012562684583826921880 -51.245083428855657814438018249348 
58.986781793900625814330851426348 -30.341522010149233778975030872971 
33.157932513103958171996055170894 11.840245318834353938086678681429 
-18.132894209937944651755969971418 28.651393615198841757774061989039 
-10.391092581386274673604930285364 -11.964397078300901711145343142562 
9.852240723647245346228373819031 -1.779377742351835323120212706272 
42.716724143025260218564653769135 0.468475387785968422349469619803 
-1.730676437153476854291511699557 -54.458746018290085544322209898382 
-46.340939076945232955040410161018 -20.136004575397869587050081463531 
46.624783759698615881461591925472 53.730175933463272031076485291123 
3.069191407217584099953455734067 -40.572940689146236081796814687550 
-7.941501650379212406960505177267 39.965943528020261510391719639301 
-38.234610492286783767212909879163 -98.884992842673227642080746591091 
7.529814786583994390412044594996 -5.610257138231864004751514585223 
-37.819731461541465478148893453181 -38.056274961591810779282241128385 
-3.613143567005220546661803382449 15.447976858066198246888234280050 
62.070897213885530163679504767060 13.740241581255350666879166965373 
-41.542864653721423451315786223859 4.727882034135565625376784737455 
39.361924491660744251930736936629 -12.931191609602276315627022995614 
13.980271988326780530087489751168 28.475664418035126601580486749299 
54.547799951911322580144769744948 20.983992038794195167383804800920 
-3.964940454897627475361332471948 -18.575350998057281515229988144711 
18.266928955476615215047786477953 34.630856902363852611870242981240 
-21.829270261657310214786775759421 44.705375387429128863914229441434 
56.611218788708164595391281181946 -7.682776828812329483753273962066 
2.847530353283801218822191003710 12.475344330487514454830488830339 
57.719071163192189999335823813453 -5.302341765349341429214291565586 
50.422566118963935366537043591961 -48.317175842041649502789368852973 
-27.771245776550507855517935240641 -24.278836444957800466681874240749 
73.450577198711343385184591170400 45.858397774011457670439995126799 
0.918047513166641238058218732476 38.637779920014573065145668806508 
-19.838645479976410257449970231391 -36.960611395880306417893734760582 
-31.165754505851506195313049829565 -25.260343219529023173208770458587 
-37.630870560082968268034164793789 -14.968274943725887737855373416096 
38.623465737119254015397018520162 40.587918212487309688185632694513 
-21.715364790151006957330537261441 3.095060091588850426091994449962 
-11.232983250483687953646949608810 -1.575226737261733234163330052979 
57.415863536161808156066399533302 44.083854273379806443244888214394 
-5.097246808033300879969829111360 36.952324034973564437223103595898 
1.145856382908277737442404031754 31.307566269542764558764247340150 
-60.496148738880535233874979894608 10.281878447570480972217410453595 
-24.500521898095101391845673788339 56.773269113703648258706380147487 
-24.053143557124318618889446952380 -25.596621083101524618541589006782 
-27.544320814280496279025101102889 -6.531744515664046346614668436814 
-24.771431327560549107147380709648 -8.519579933266218318976825685240 
-19.433560984158063433824281673878 33.772551389065220917018450563774 
55.909061926702776190722943283617 58.894982124444254623085726052523 
1.699513882674725806509741232730 59.832763682550123007786169182509 
-31.926080352087915059655642835423 -88.699027313589581922315119300038 
-12.789683652313339479178466717713 13.290245656873818091980865574442 
-24.389511234083947499584610341117 39.583621727419007640946801984683 
16.606901590275548130648530786857 30.146314196795913176174508407712 
-19.614309399140623213497747201473 -11.730536570969736231973001849838 
-10.984594704606564619098207913339 -37.242483062747872679665306350216 
17.388988461677161723173412610777 -20.583310713003672987042591557838 
-3.945418138036938415780241484754 -11.217089719162324001899833092466 
20.758468938629388134131659171544 -50.613640382287272245775966439396 
14.018388290897568992932065157220 40.959702555386471090059785638005 
-31.481904162991270368365803733468 -50.684236183884678439426352269948 
2.180935806524555431451517506503 -12.736721831326347498247741896193 
-23.683608663801546612148740678094 31.122068971648559454479254782200 
-18.406256694535837681314660585485 -2.897337591278688506690741633065 
49.855606901885352044700994156301 -44.521106689847918858049524715170 
-7.282783460590614765806094510481 -46.562887842358307466383848804981 
29.495884373567463399012922309339 4.248863744924280538839411747176 
-34.896255987489418259883677819744 19.493219163215925959775631781667 
24.060474956460552675707731395960 0.836273614777937268627283629030 
-0.509921120221175527831292129122 -38.350693920274110837453918065876 
-35.419808996893287655893800547346 -37.971955956938330700722872279584 
-0.684307965072036950004985556006 -2.397808435742931010281608905643 
8.969495540920174647681051283143 -18.090895392305785804865081445314 
41.797741666371670987700781552121 19.206534959659386174735118402168 
-8.083246217140136025136598618701 7.649269840449193225140334106982 
-41.980339941605272713331942213699 -36.187784111144289056483103195205 
14.493283273782591180633971816860 5.321965347006901936310896417126 
-21.564690037173154024685572949238 4.425258840647060765149944927543 
-2.893341776237804197080549784005 5.686546960310922216308426868636 
72.719574489751693135985988192260 -39.960044342046892040798411471769 
-18.596025931770959971345291705802 48.152860095652776806218753335997 
-41.782600634265037342629511840641 -6.547064294288922781106521142647 
14.243374354588452135317311331164 -20.374960729064302000779207446612 
-10.051229076111612315003185358364 28.467158950194498601149462047033 
-2.278645243469418879556087631499 -2.136952227311249785657309985254 
2.328660479004483363496547099203 -22.128143626355075923584081465378 
40.285663066234818074917711783201 -30.436004076088515546416601864621 
-24.076405423315854648080858169124 11.819654224441887180319099570625 
40.277562893809857769156224094331 51.103552247504040906278532929718 
-59.573528926768013036507909419015 -3.564474984602584939352709625382 
17.243494972504770146315422607586 -52.439661686739022172787372255698 
-23.013118018966302713579352712259 74.326120595580960070947185158730 
42.871290628386191201570909470320 3.368169078190089038571386481635 
-66.759711739379412165362737141550 -4.010820397892276290008339856286 
11.740585577840551678718838957138 16.913617560909635528787475777790 
9.851049147996807420213372097351 58.077081772787771285493363393471 
-12.864099831588433175966201815754 -2.448374825788601327758442494087 
-34.435336418029514504723920254037 7.507732130208566445617179851979 
58.441199739031652882204070920125 -88.387096914443375794689927715808 
34.938699702723781115309975575656 8.413998515829190338877197063994 
-11.091085427442033406464361178223 -21.109570183334874116098944796249 
-24.660937900302890568582370178774 50.220389029401793834495038026944 
-7.312150946727410172343297745101 -36.274991829794991815560933900997 
-6.008869121543567004550823185127 3.628209394361432416076240770053 
45.120548507168777518927527125925 -6.303315809817995329922268865630 
-53.689172567331127083889441564679 -21.193340462201170737444044789299 
-30.621282492448109735505568096414 -13.583299648227814770962140755728 
-49.364925739458328735054237768054 2.540221087178338166268076747656 
15.287655097514520008417093777098 87.007501134267414499845472164452 
-14.988459833239270224680694809649 -26.292500477334066033563431119546 
-3.229214151676400135215772024821 -5.979188539955279324544790142681 
39.966111727909535034086729865521 -18.668327297580010082356238854118 
-40.870847055666686742370075080544 30.312688110558564602570186252706 
44.097320996890978506144165294245 -49.708224420663306375445245066658 
-4.691656604204313296690997958649 18.848839607397003703681548358873 
12.765544670833730123149507562630 3.234969715027496306447574170306 
-49.625635468792701487927843118086 -49.671645623075342257379816146567 
-10.690274265117793106583121698350 -30.879448917090279280728282174096 
36.829916331096470116790442261845 18.038711462797753171116710291244 
19.909254732529866771528759272769 -20.061084956008350843603693647310 
-3.494339001803444588745151122566 40.737477450645350529612187528983 
-21.998429864126716637429126421921 -54.253984386688252072872273856774 
12.084948520022221529757189273369 -16.602920760743142380988501827233 
16.441360717101936472772649722174 -40.952679401928406832666951231658 
-37.629623113848161608530062949285 -37.740080625759688359721621964127 
-43.264398846309816804023284930736 -42.081551748249545141788985347375 
1.016204049654897190180236066226 -2.789940568672451881582219357369 
-40.572447753060060904317651875317 -6.809692526673597257058645482175 
13.310041880714262418905491358601 -27.464316416270399656696099555120 
-9.832915985169366379636812780518 24.727098386803966434399626450613 
12.344163663314830614581296686083 -90.665660769207477187592303380370 
-18.533006250440259066181170055643 6.894667574760827477575730881654 
-38.721934443501922373798151966184 -14.561885404257628451318851148244 
16.752318924809738831527283764444 28.984758786494449367410197737627 
28.832715765694107545868973829783 -13.731450856283981210026468033902 
9.738532856810818927328909921926 37.368368094575146187708014622331 
-15.510971802131860997064904950093 -1.457590338191902645803565974347 
-45.606541672547947996463335584849 -2.426056408899228244990808889270 
16.102877850663610104220424545929 -41.812635869811479949476051842794 
-25.025238806840068406245336518623 -42.698704872241179941738664638251 
-15.577259948355180796397689846344 -15.788305955757119036775293352548 
4.505330699089142854063538834453 -26.188730496438171968520691734739 
-0.239000035255082288188077654922 0.770083307811111339447052159812 
-23.852438533330229120110743679106 -5.680997661829190192861460673157 
-27.792527601077573251586727565154 25.903627758926731416977418120950 
57.406397388999884867644141195342 -35.725689125880840890658873831853 
61.319997537896142603131011128426 -31.867984642470936762492783600464 
-29.116624654388516546532628126442 -11.599396506442808174597303150222 
-38.230651065871114724359358660877 -9.163250679914689555971563095227 
-7.544126707980760571103928668890 -5.964834608798703641241445438936 
-14.044455020137172951422144251410 -16.630370257102651265768145094626 
-47.802277893545237930084113031626 -27.295908145059819105426868190989 
-43.598684827373844541398284491152 23.917682596689900265118922106922 
-44.203790608121586558354465523735 -66.175953560781195506024232599884 
-43.465205337448622913143481127918 1.267434451982243359680069261231 
-21.293356107713574232320752344094 55.365608213584302177423523971811 
7.753154912204486493010335834697 18.869843222020605821853678207844 
14.186869173260415522008770494722 -3.892722195277960040016296261456 
43.389139652249937739725282881409 24.841366801657006391224058461376 
-6.244760934800392959687087568454 -5.897642165781135759061726275831 
-9.049193677337136421101604355499 -0.258018042495174348971431754762 
-21.476594776561746868992486270145 -3.921714256774599505206424510106 
-41.056197513420528366623329930007 -16.954236060658757878627511672676 
20.576686877480810267115884926170 15.647263213876875909136288100854 
-29.584902631467812739174405578524 54.143583864700595142949168803170 
42.576312525295961108895426150411 -29.604977429018497048218705458567 
-27.741990559075738076444395119324 10.861375879428987190067346091382 
-14.380354053170091077618053532206 -61.446675311985728740182821638882 
-0.566022928734564167996268224670 66.550804423518854946451028808951 
-38.320395808384219549225235823542 -20.883578119163747288666854728945 
-21.330482652935565113239135826007 39.862525835332640156138950260356 
-17.533665584390746516874060034752 -11.596237295754027840644084790256 
43.757610392889091599499806761742 8.706478628919430917676436365582 
43.707432367000336626006173901260 -14.993932049855294152962414955255 
-48.089187982798343057311285519972 -29.034746079287582887218377436511 
11.682796504672069204389117658138 25.252812208741300281644726055674 
18.133598876065050831130065489560 -8.610505305382579521733532601502 
33.021159919386867898083437466994 59.868243303691244250330782961100 
16.155343522277952672538958722726 27.004514531665591903220047242939 
-2.868503184567885000433307141066 -29.640242677929109049728140234947 
27.788185331883603623737144516781 42.119656651360045884757710155100 
20.484934197204935912850487511605 21.042034524987641930238169152290 
-20.383912150333827639769879169762 -18.346235678740601571234947186895 
16.502920583239244933793088421226 -45.530465266819902581119094975293 
39.803478007399938576327258488163 32.013321310731456037501629907638 
-21.994529033931890182884671958163 20.932349321749711634765844792128 
-72.388934366774705608804652001709 46.176997202730497349421057151631 
-29.530253647847153786187845980749 18.467224225110328461596509441733 
14.478150804402460494202387053519 -9.126813170636047800599044421688 
33.094948169645057589605130488053 -16.435651358250506604008478461765 
-9.853131788331692675342310394626 -17.061242723705859702931775245816 
80.738168584009883943508611992002 -37.737756408106868377672071801499 
-23.691877757709391971729928627610 -40.916244657594397438060696003959 
10.748282277612505097863504488487 18.377991467776446654625033261254 
53.761349374277955348588875494897 23.043939157772431514104027883150 
-27.429544540890887560635746922344 67.912731354172080955322599038482 
-3.949128922218445580938350758515 -5.737472882652266292780041112565 
25.502655668126525512207081192173 66.291555736387806518905563279986 
-46.093148127240056055597960948944 0.175367071134871821413980796933 
35.594338005518636691704159602523 11.101339580479159252490717335604 
-24.049148765474118505380829446949 -20.660250843009990262544306460768 
10.156529221338782775774234323762 20.072750993138704700413654791191 
13.838137716731036874762139632367 29.448942921997794286426142207347 
8.925160548952259631505512516014 -74.307234526487249581805372145027 
-72.899498848801030703725700732321 -15.712798581759667371215982711874 
26.255355935722636928630890906788 -28.441817561851785001181269763038 
14.156477753029532706818827136885 -8.029742980839381871760451758746 
18.059461113400931964179108035751 18.518603835252061884375507361256 
102.192818875338588213708135299385 -25.034790119455628598643670557067 
-1.421140185847107773042807821184 1.848749627300877662605671503115 
-64.229693291437968127866042777896 23.967572075769915329601644771174 
-45.832421312782628319837385788560 36.948659655085378972216858528554 
26.437388562370937705736650968902 -27.905444304339717120910790981725 
12.434481964663046227315135183744 33.764160015202975273496122099459 
43.933926531278110871880926424637 48.198946160913628489197435555980 
-36.003902297839758261943643447012 34.492595352735449409919965546578 
3.193552818366367951341544539900 -21.357680756035509972434738301672 
-49.724195975497522681507689412683 -30.291657054394843129330183728598 
46.629225625493184281822323100641 42.593626211666325787064124597237 
12.032817279367471030582237290218 -36.909188894092935129265242721885 
-17.099809774917773097513418179005 4.000884928351744029839665017789 
-14.457214546901500540343477041461 19.077599612575042442585981916636 
30.324284328077919070665302569978 52.686107871997748475223488640040 
45.393718333092081707036413718015 -18.636226611945478026655109715648 
4.894715517376681646055658347905 13.000011523829144266528601292521 
-5.221014247229900817615089181345 9.842245144513098509264636959415 
30.195388622698878577921277610585 29.772416765116815895453328266740 
11.777857855286786303850021795370 24.276973391831376147820265032351 
-45.678425290963716065562039148062 -66.381058443891888032339920755476 
-1.402760258408751070646758307703 -19.695278627012356764680589549243 
24.516294533647155162725539412349 5.306099135136594924233577330597 
62.489158902957015584433975163847 -11.638426972438622897243476472795 
-14.867763819031328154096627258696 16.993087982984651063134151627310 
14.097140745700361463832450681366 -3.699424060574553863034452660941 
-49.904592662400233393782400526106 -6.025466671460037559882039204240 
2.477985100184234568132524145767 6.384067479976105019545684626792 
-3.410269546167072007847309578210 79.189377473934911222386290319264 
-30.389212752278325524457613937557 -12.217993955832490371449239319190 
-15.873352849262136743391238269396 -10.607444894122693312965566292405 
-5.110436124011279446222033584490 -2.568975962531279577660825452767 
21.928640035904443550407449947670 -6.960943301123107218586483213585 
15.266294164787293397012035711668 41.846336470549239550109632546082 
-13.595665918889761059062948334031 62.899327608011354584505170350894 
-5.232079404027544455857423599809 15.343485820801564756266088807024 
45.432720571998636671651183860376 -3.078170900619708660883588891011 
-35.293637976552332702340208925307 14.765430584410763614755524031352 
4.541516406746325174026424065232 -15.803773131935866302910653757863 
-15.410282568620010223980898445006 -0.149148216774908082271622333792 
-17.013969155487615125821321271360 22.608956461492404343971429625526 
-18.006831288679443048295070184395 -0.174926397577268133431971364189 
33.288448189529120213592250365764 20.140209554443519124333761283197 
5.162825825790587686014987411909 2.227705750709796816977359412704 
-47.554189092670107186222594464198 -1.578178567895125450348814410972 
31.729326765520127651143411640078 -43.541319770383694276461028493941 
7.584847068406645576033042743802 -22.936095259737822260603934410028 
20.293483120886421033901569899172 -14.650786718680556930394232040271 
38.213753868492702281400852371007 40.802992916324015482132381293923 
24.224911422968059326876755221747 17.106408417533717880587573745288 
27.606368092950393844375867047347 28.504624992195406463224571780302 
-48.047884681843967769054870586842 65.192028260183420229623152408749 
39.119517387468995650579017819837 -15.081496847425334806302998913452 
-53.275159317451382889885280746967 41.955113742145293542762374272570 
20.923492737826403953249609912746 -0.806243490237143589638435514644 
-18.098356322785207339620683342218 -49.661634052045357634597166907042 
-22.804234505270571276014379691333 31.752173447390148908198170829564 
24.280799982902728118006052682176 -46.978630375274342156899365363643 
-24.247512204530082158271397929639 -82.591109548460877931574941612780 
-30.096258735768838477042663726024 -10.504830476155557761330783250742 
4.512806636154387263104581506923 -48.372050925580154512317676562816 
-8.705004276336325119700632058084 -46.421804397053847424103878438473 
-22.886404140876834389928262680769 -38.023376226561055091224261559546 
7.527078721965205332367077062372 39.131636030462104258731415029615 
-53.683513439794680266459181439131 -22.925373224715219322433767956682 
-78.609022796761308882196317426860 -2.812179957827639853462642349768 
-20.050116828548379288577052648179 -29.391484422655420161163419834338 
32.402278652903987676836550235748 -12.915093083049228539493924472481 
-19.313389930677171690831528394483 53.315673980660953645838162628934 
44.718577917984198677459062309936 -5.963331397209515216673025861382 
-1.652207628997789612412816495635 28.464606356201443304598797112703 
-20.970468622560286320322120445780 10.514558818279907015380558732431 
-48.170335732817946450268209446222 -43.584505812389103596160566667095 
30.590216599146529574682062957436 33.629353536330008012100734049454 
2.848514773887519169193183188327 38.468571847896740223404776770622 
-3.903051785395863504390945308842 16.521916631167961497794749448076 
-19.826816167127656598268004017882 43.442788116826832833794469479471 
40.359376665077505208500951994210 -28.225912857867115235421806573868 
50.380989588265762790797452908009 24.562069970378828998036624398082 
14.002805219916151457937303348444 29.505178435419239235670829657465 
-80.331133050582820942508988082409 81.986538065181022716387815307826 
-1.398857010333854233863348781597 20.462160042906702983600553125143 
11.194521109349647502995139802806 6.262328717704690461687278002501 
-31.169222884214249802425911184400 -22.970246613946272873363341204822 
-49.507488813124631121809215983376 -22.889861084607090901954506989568 
-8.407089243563149238980258814991 -1.029428518835190153879466379294 
16.258851481669207572622326551937 11.722438639738591348304908024147 
25.233345884567061290226774872281 -0.392966054921048524306570470799 
-6.224729653944244489593984326348 -29.750705940106044522508454974741 
-28.829750705805508914636448025703 -22.106924860293155177259905030951 
30.637234191161606844389098114334 -45.041025194629398242796014528722 
49.299758377211233550951874349266 37.752724999401443994884175481275 
-33.882678425863261395534209441394 14.947904143800275988951398176141 
8.119218092779638240585882158484 -11.631669508877950036662696220446 
-39.618492663185719493412761949003 38.215626918568219139160646591336 
44.696468130361552084650611504912 37.350317757879317071001423755661 
23.280788418196429745421482948586 -11.966103216433417344433109974489 
-0.600795377448989142976643051952 1.430288039828413459986222733278 
-27.834586264951859391203470295295 4.581882064961417810877719603013 
-2.789744746409652975671633612365 24.976153108214425913047307403758 
-22.722815162350492812493030214682 19.481330164231280832609627395868 
6.799295877150065336991247022524 -20.473852236378522917448208318092 
19.055811572593658098639934905805 -81.827934979151450534118339419365 
-8.826137137698543355668334697839 -52.727704334055985668783250730485 
-47.712017057711989309609634801745 6.615697292040826127390573674347 
33.173413844486127288746502017602 11.392573264059119964031197014265 
32.786085934667099195394257549196 -15.940690790098514639794302638620 
2.038829631345092430194654298248 -46.514814715487204921373631805182 
14.967001646416672855366414296441 9.712205993077624555098736891523 
20.393313310407091165643578278832 -18.567563196177012230236869072542 
-7.325753361983368350252021627966 22.071314122390926826255963533185 
-58.215570115737115486354014137760 -59.226305331284549993142718449235 
-34.555524514744213604444666998461 -29.700212459302903766911185812205 
-7.979037808521841412812136695720 -7.083818076665842511374648893252 
-35.190939959765067612806888064370 2.387445503159991488928426406346 
-34.706922949574348535861645359546 11.795649644755521023853361839429 
-35.119314472041736507890163920820 2.008534095809568764678942898172 
3.634787731610078509447703254409 6.563616017630987897746308590285 
-28.263132575844259974928718293086 -39.998634445997595321387052536011 
-27.335393059912544089229413657449 -29.015074631718341890973533736542 
-1.314252229185761677854316076264 -35.160609442479056951924576424062 
23.777576283310494886791275348514 12.168361457214047050001681782305 
-2.568945209497135451215399370994 1.615275228778727978351525962353 
-23.950552387788174968363819061778 -34.255278378992763066435145447031 
19.311208591231203257621018565260 32.104493479088596075143868802115 
-8.059078527298545679968810873106 42.531188225565152549734193598852 
25.407940912316028914119669934735 -76.222457721025463683872658293694 
16.649684230323572364795836620033 1.520240821785730389592572464608 
-8.427387483419416014385205926374 -17.003209733823208438252549967729 
-6.886292009186988138935703318566 -62.006495676695983831905323313549 
-6.436821439735550320904167165281 38.097184845419313603542832424864 
15.914323150750451674184660078026 34.830811011550331102171185193583 
1.412684424471167154990780545631 -24.495628255103682135995768476278 
0.249386183496049795849103247747 16.595222340238919400690065231174 
-47.118479033888810647567879641429 -9.584923075629504296557570341974 
12.084849760218091319075028877705 -36.969351029785705975427845260128 
41.619861008575711025514465291053 49.300381434883036035898840054870 
4.509383321632128627243218943477 -13.573355725302572949431123561226 
-23.108806165136368093726559891365 -26.417015517818057901422434952110 
35.173536778485697595897363498807 -2.562640778432982102685855352320 
5.689169670204558215687029587571 -9.881489709243501451396696211305 
93.333408176588463334155676420778 3.654439453150896355282384320162 
42.436528826223636201575573068112 8.540574936750509493776917224750 
20.638711298993676734880864387378 1.606320973346880620624688162934 
2.433703178250079091071711445693 -10.824470074342135816891641297843 
1.798134038056566907926026033238 -36.412729275189832378600840456784 
21.141489384513427296496956842020 -6.632052538548471432022779481485 
33.422377113801196912845625774935 -42.956295260959876713968697004020 
5.121177076677250639136218524072 -47.497558316210366058385261567309 
-50.155396981098917308372620027512 -25.156290728803085698928043711931 
31.535615093728765145897341426462 -36.071369699216468518443434732035 
42.832196580426234788774308981374 -1.341018657319713813791395295993 
-38.717834281172734733900142600760 -11.146897623430000123789795907214 
8.768527424211953302801703102887 -94.753120298163935331103857606649 
6.643708648099913460782772745006 9.750556988797917767897160956636 
-74.106156262452756777747708838433 -20.473796135034476151304261293262 
6.702887899942010285769811162027 -11.006224123440699003140252898447 
-29.966020356867453244831267511472 29.422841911676737680636506411247 
-64.184590837351493064488749951124 -14.251703226138225488739408319816 
10.592613657752707467807340435684 -28.512688702886833880256745032966 
-8.967130415444799496071937028319 -35.860964556819517667918262304738 
-0.159133704000904430131413391791 -42.563261939072866368860559305176 
3.100796909046692917399923317134 21.768032370745238779363717185333 
17.928357238671559059639548650011 -26.541191569654937865152533049695 
-32.738850525969631632960954448208 -0.776301687621254288274030841421 
-59.558545553846414577492396347225 25.544376352542265351530659245327 
-18.484772121270331979303591651842 -0.069886150179112149771754047833 
41.463351510937457078398438170552 -12.162442923488363533124356763437 
-21.400454964703989446661580586806 -73.460451505798729954221926163882 
34.193590837035522156384104164317 43.376973843332038427433872129768 
-41.913243948236882374658307526261 16.458000819430036898438629577868 
6.012728651601051410580112133175 -58.423487079996519355518103111535 
-32.416361528742214659359888173640 2.318139013674862525249409372918 
72.243556910485494881868362426758 5.185100791668588726679445244372 
-9.365139330805973827409616205841 4.320182144277493918593791022431 
34.810555813089571586260717594996 4.509987740560843505477350845467 
-16.796945199058562536720273783430 -12.116893626965211439028280437924 
-12.040241910664093438754207454622 -9.342807078044060631327738519758 
70.128079912566420262010069563985 -9.528986522815145576714712660760 
1.457411379524437222698907135054 -15.528056741465135814905806910247 
5.850068318890929930375932599418 -24.602471071439918404166746768169 
-42.312661945236868632491677999496 13.366010410363937666033962159418 
-51.192238007214179162929212907329 31.719273721939458710039616562426 
-52.092692013761286773387837456539 -16.634747951730208370690888841636 
-28.983785809743935146798321511596 54.896207625892266435130295576528 
7.846928994225322639977093786001 27.305100894855360849078351748176 
34.322386766644399358483497053385 -30.741663049871597479523188667372 
-17.176172484698479792086800443940 57.258188712805832665253547020257 
-9.860796236691935945373188587837 -72.141430383237505452598270494491 
-6.078611541549566510411750641651 31.969626127430831985520853777416 
4.770278799719401163770271523390 -33.785325557308965471747796982527 
0.645547939579234508755689603277 -1.108422988598970704288149136119 
-55.973502781263007932466280180961 37.124171522160310132676386274397 
17.305822490392383627977324067615 -2.516468580156450585150196275208 
-19.835822342944481988524785265326 15.378102669870227003912077634595 
27.958948461051846834379830397666 8.363801113586244895259369513951 
4.037870353094930919723992701620 -11.599505355971000852832730743103 
32.449798954098817205249360995367 -15.509816012454464839720458257943 
12.459687650880439946377009619027 7.506391034588627775292479782365 
8.548670904293130590190230577718 41.518822869788671425794746028259 
26.197162606287946573502267710865 -10.222654229802941472371458075941 
-17.347985106556098600094628636725 9.511997474088270010383894259576 
-22.968583577087500202651426661760 19.109414929900417234875931171700 
-15.466412565592285943694150773808 13.961001575882493241920201398898 
20.754880229010844061576790409163 -13.892645716189614191193868464325 
-46.728160937683277609266951913014 -29.334213585884025832228871877305 
39.531739281893379711618763394654 -3.158297527303882468174833775265 
0.101706308171237935766839655116 -2.790822894261316911013182107126 
6.641856454903388495836225047242 -17.435992732906218094512951211073 
53.831389126905584419091610470787 -10.533741687092447847362564061768 
-15.753244000258760593169427011162 11.845975026277152153397764777765 
-17.807123231947407759889756562188 18.819839508524818683099510963075 
3.300455142322396895337988098618 -12.609010276610090883764314639848 
5.826577508197468446837774536107 -4.884506528826635829432234459091 
3.610326730845779152900831832085 -48.597111919377937283570645377040 
9.054721044104523386408800433856 24.764455595694403911011249874718 
-37.731518879224815066208975622430 -56.385918657691668443021626444533 
-2.876873526708068951052155171055 22.147551434843983031441894127056 
-29.007479133150727790280143381096 1.942813788008740605306456927792 
-2.757716083357758307670337671880 22.803527857415005541952268686146 
28.478342112309121603175299242139 38.179558527586763716499262955040 
56.160281567732596386122168041766 1.561652238215506471874505223241 
-52.645050668168167362637177575380 21.910160116927265505637478781864 
-8.440228298089115455127284803893 39.158124617996826088983652880415 
-4.434964470044665318937404663302 14.114966114642220063046806899365 
-55.872955941782784350380097748712 -14.709479646477333858456404414028 
-22.964035941999291878801159327850 28.748001819469827466946298955008 
49.450425586031585112323227804154 14.831451359755703833798179402947 
40.353255487420405245302390540019 -6.523546680894025229235921869986 
-39.021764338666301341618236619979 -10.011577680673276802281179698184 
16.194832999218604641100682783872 80.140333634637300974645768292248 
30.884400212822182396621428779326 40.562496061543392045223299646750 
-51.481929798909206397183879744262 -19.259369041518667131640540901572 
34.410745595497658655403938610107 24.016364196016802168287540553138 
