1.204822852112854336681380118534 -0.881712429080564019656662821944 
1.600713223420340503011516375409 0.580227202612666470571411991841 
0.154956061748484391626945466669 -1.504166555896076618026313553855 
0.014694009875730646916269783731 -0.161002712448251344978800148056 
0.297064237814025355888247759140 0.895994528588099026222835163935 
-0.021878842819874767811061389011 -0.979907871029315868938169842295 
0.827076086759295114880785604328 0.747094466328618311834475207434 
0.429448163860901621635690617040 -0.175173118916579606541006342013 
0.528601677973955519362903032743 -1.484376134335373631500942792627 
2.075044484849851045282775885426 -0.692823256491272521095936554048 
2.291525382787503062331779801752 0.382920897131398818569181230487 
0.196499190380104660214044542954 0.888794993855146930883392997202 
0.178561774909121839804981846100 0.031899348447931956396228514450 
-1.664447237955476222026618415839 -0.863895056204169509150858630164 
0.407060487599692322202571403977 -0.872259363398777298748143493867 
0.785545284003318022847395241115 -0.312205787254843492029010576516 
0.085919695388677858050030522463 1.051088829056314510879133194976 
-0.230294815431383803616682826032 1.024174171908774244599271696643 
-1.448120656363873326455404821900 0.313726738723122178242874724674 
0.129556383288972065681576850693 1.402349474809636342698127009498 
-0.337948227370701792526830331553 1.174364817935303229035071126418 
0.726044645103370522853936108731 1.099793757262146565167881817615 
-2.271370295109085724050146382069 0.022323808011496339143153733175 
-0.119630083457129929302986681705 0.308645841182706937022572901697 
-1.034097061118649518718370927672 0.799334910432174972072516538901 
-1.664293627552022813986809524067 -1.666581065881278966855916223722 
0.642237672393776382051555629005 -0.086165373237602677081170554629 
-0.847464244623470586148528127524 -0.099529869636718948378018012590 
-0.279199360370001481435053847235 -0.602855812270178592626734825899 
-1.365451885155511524416738211585 -0.031898349602462884588849334477 
-1.014928857843729659293785516638 -1.917435931915624225396754809481 
-0.026333267498256995170491379099 -0.300540299216513595581545814639 
0.476802963571512805618368702198 0.751287409034899322790579390130 
-0.790774017701061815444063540781 1.293027668461615542483400531637 
-1.163954846859510894319100771099 -0.238738670143505332665867513242 
1.752050674161607535239681965322 -2.794114532550799889776271811570 
-1.957867057676347277705986016372 -2.175011669481847764728854599525 
1.438176515759048035292266831675 -1.147944425113325284115717295208 
-0.483674231423543987684610101496 1.114551938094763272601994685829 
2.077438559218125924132891668705 0.194004576840289516548310189137 
0.217816315438153801364862260925 0.692293709563673864693100767909 
-0.766933176327188048659877495083 1.200804365481531688075733654841 
-0.904218822659158649734933987929 -0.067719052679222166424288786857 
-1.649339766486866976080705171626 1.925980541590244898841888243624 
-0.221040036072393003552249979293 0.149137137146369336271334304911 
0.235181435023250506866077103041 -0.486352327781225501901474217448 
-0.132051887643155813067963322283 0.838297992372396327809269678255 
0.436125404056230459026721746341 -0.323531582435860443069941538852 
1.852869739537383209082577195659 -0.004299548775990294849358441809 
-0.035497894005586859422773926553 -0.246680948983369507931939779155 
1.406476766698655511689253216900 1.725282726261472943107833089016 
-0.767597256400702643297506710951 -0.104021360376653687618286880934 
1.015991616237091887953170044057 -0.224761138883947303446220189471 
0.044981317317813213074728651009 -1.948616620835707413661452847009 
-0.119901777127291997437907866697 -0.762701122664854791466382266663 
0.625265786405268642056398675777 0.408741401262531611759953875662 
0.504699165813861760909730946878 -0.383294935677310766308778511302 
0.434444596792708193078169642831 -0.790116597397649500500449448737 
-1.375161519151917532965967438940 0.471255939932342327036707274601 
0.014196888372206587988766379738 0.346862532439469073430871048913 
-1.493943299114176559427846768813 1.576383364789666563510195373965 
0.949523434968297053160313225817 -2.045357928135767000554778860533 
-0.844875469831453673741350485216 0.733811117247375355177041456045 
-0.493117825565315415214939775979 0.191431191338504447241319894601 
1.242998590885785015203168768494 -0.197194870232120428310551574214 
1.018086862037925754975731251761 -1.397330489823037424912399728782 
1.211483383764425880713133665267 -1.414409494052095928040557737404 
0.442881018664664172224121330146 0.177188512156422839360914167628 
-0.890952521360647287096412583196 2.190083348652185346594478687621 
0.039521295934443888275833245416 -0.085089303574759203585564648620 
-0.409117545249278236063616986939 0.234601201046451712795004596046 
-1.291219858723475777395606201026 0.276384118909921205897717300104 
0.184526241845325983392811508566 0.289217539819692448510579652066 
1.240657124458437232661367488618 -0.805476522403281713913258954562 
1.868852162230141722432108508656 0.206579596355839112398200541065 
-1.725967824479804457737941447704 -0.333292948049857373771232005311 
1.325629229394245323092604849080 2.074386502814081101320198285975 
1.660902289940167975146323442459 -0.108822541944994938267754491790 
-1.512481088413957008853572006046 1.434106314705453799618339871813 
-1.948262200833440260794304776937 0.176640118642573146212626511442 
0.746224779394780268759745922580 -2.351328101527519809366140179918 
0.788504579269435956767608786322 -1.918980865473663310893925881828 
-0.238073153372741985744909243294 0.466161143884550210891859478579 
1.196740608875660916154970436764 0.843696756021951155268823185907 
-0.724810511691745040785406217765 -0.577790082379264324785594908462 
1.293612280531197367139384368784 -0.679319148798094629704280578153 
1.022043517862045503008516789123 1.061129148021860091333223863330 
-0.684795833804414666445836701314 -0.895581833156450568544926227332 
-0.837075034893837610638911428396 0.413809087247167917134049730521 
1.068618886142359114543864961888 -0.323119466024864299136254430778 
2.430885305261363704687482822919 -0.744284067594475740037296418450 
-0.074760296677104667861790687766 0.544282488693741850482865629601 
1.395806169854622913462094402348 -0.588247808408737693497414511512 
0.499391478913161213082361200577 0.659003561927753667148977001489 
-1.633706199148677651322714154958 -0.855982539574928091852257239225 
-0.555531788594764042166218587226 0.362256678971005385836434697922 
1.370583635742901540410798588709 0.532642500709719746154746644606 
1.788984494447159789842771715485 -1.315957674539154576009991615138 
-1.062528927700350678264840098564 -1.739805918530638262353704703855 
0.080073802385927136948673421557 -0.322450567291941880831984690303 
-0.689374425732320994519852774829 -0.168784962369666752257657549308 
-2.086251579079761775403767387616 0.046019070742260262396605696722 
-1.047976333515375779725786742347 -1.026385323244047409474433152354 
-0.512055179295703211117540831765 1.078377454341649333002806088189 
-0.200251442324625744673127769602 -1.231411935848313321528735286847 
0.414894158653851541362911348187 1.042131270363785500165931807715 
1.980443315213300081722991308197 2.382473631843706751709532909445 
-0.082962763975306705321877132064 -0.649533767335442657753219464212 
0.410725930410457407138125063284 0.521538614264877020687549702416 
-1.296791411000161930999752257776 -1.513292596848404114595609826210 
-2.431705827332656166817059784080 0.324868987967134481564812631404 
-1.304584415336067060309233056614 -2.178235709181858492655692316475 
0.278565789607781999492885915970 1.875638268500568806018691248028 
0.286262249024334114455569988422 0.708832148364083924896306143637 
-0.436705384300383192552885702753 0.212321605484250358619746634758 
1.174176094280657611790275041130 0.358063823100931766241217246716 
0.906410316800208670784400055709 1.089464512439026311341194741544 
-0.282585722556014551365421993978 -0.708796516960019329367526097485 
0.924086859238841928920749069221 -1.141163218775596899234869852080 
0.229539670099101839051414231108 0.691557206907685517727202295646 
-2.758623401825386789454341851524 -1.509210067740281102643962185539 
-1.838849642624267310964114585659 -1.658362167592533076287963922368 
0.698228681471735224128849495173 -0.106728843553491756224183006907 
0.410174977421963682377992199690 -0.007836388936679480193836511148 
1.988593337428317342485684093845 -1.700290376020821891955847604549 
-0.260631402860360239515102875885 -1.222228899852684902427313318185 
-1.286268876680768169507018683362 0.655798360735749819028228557727 
-0.679695594889890175593905041751 0.723022778313887504175738740742 
-0.920974230574014618433409395948 1.726166940876975530727577279322 
-1.129325594682837552440446415858 -0.333977555073977305788446301449 
-1.147949881386563841800807495019 -0.235347813343774081573656076216 
-1.577159889627476774265346648463 -0.620289329000066835817506216699 
0.211930157710430611128771261065 -2.546413715291216295355525289779 
0.412060681068346090771825629417 0.900471064013834809891534405324 
0.971679074964599376329488222837 -0.750460009506883185537162717083 
-0.427794034158569980164088519814 0.035499451938205278667126663095 
1.560433090856995441697563364869 0.563860224862034908888119844050 
-0.830275807332598536625312135584 0.403109819113476097740544901171 
1.343253911680178269705265847733 0.288305171135503079948847471314 
0.622079041766663065615716732282 0.530063880439398005250950518530 
0.631345995834322826212314794248 -0.330416479600119772364053005731 
-1.496300591385244516118291357998 0.239876780741941048047394247078 
-0.201043073792768894891835884664 1.288802489516628790866548115446 
-0.582770936928373228802513494884 -0.519291337066754343787522429921 
0.676782108401704052269565181632 -0.284653268332912712246240971581 
1.835857756003149043877442636585 1.322872952175278449260531488108 
0.489447917290013578828222762240 -0.340786238388056939019321589512 
-0.480307259012482279381117677985 0.723797084130615608899006474530 
-0.738463802963830739933825952903 -0.548531073860665574493111762422 
-0.816079622335536658539467680384 -1.964382052495395436508829334343 
-0.251852170155089538639003876597 -1.962198212398992280824927547656 
-0.631458279763105423398883431219 -0.708533115823473114147645901539 
-0.457066680047125695196541528276 -1.280530233364582270993992096919 
0.132297822274977244783045193799 0.837657197830399713467386391130 
-1.134005069274689248004506225698 0.720922241647310224621492125152 
0.658885660204456602428990663611 -0.959912693829960139701995558426 
-0.170995431015134674579414308937 0.062224166675723460717684076826 
1.221844327628728299472982143925 0.366661947033711854704307597785 
1.357527573432693035471174880513 -0.496940772417752751888286866233 
0.068462973534295909483482489577 0.703746925454255434217998299573 
-0.445272880303865192797019290083 -0.211668615247644964494355690476 
-0.535282932553061363556423657428 0.609885736155341806608021215652 
-0.628858932601490616676187528356 -2.654085172448463758598791173426 
0.436717777976644128123950849840 -1.004705767297793705949970899383 
-0.701741245829125892541355824505 -2.447120597791963891864952529431 
-1.354712925215106222864847040910 1.266912545108025867079959425610 
0.777287492732185558708124517580 0.051565479546321034420852669200 
-0.960987459900187745986954723776 -1.123660811452145358302345812263 
-0.639771637272966375853400222695 1.269214701373365228320722053468 
-0.119922768786418026953910498378 0.516609756755376459125272958772 
-0.034822443475607089968804075397 -0.041632773666555954183987608985 
-0.326987179374810865706280083032 0.379391130149133448679066304976 
-0.326131344000003930982956035223 -0.633699903265327435519793652929 
-0.798182198288708510958144870528 -0.903220732538365544961322939344 
0.529814873821500498252135002986 0.599554540899927879138431308093 
-0.706448890139262597465119597473 0.655327078571090737568738404661 
0.831942535156724560785335143009 0.183256176204061621559660011371 
-2.363885960264407781750151116285 -2.459675449640315925137201702455 
1.155528293548005569491010646743 -0.325141536196386859991491746769 
-0.726333725619455083943876161356 -1.851591833160635802713045450218 
0.688085317848825428477255172766 -0.425704059827954894856816281390 
-3.008267874045951195682846446289 -0.184101339183153772660617164547 
-2.196427582152593593889378098538 0.593937120406283436402361530781 
-0.667210188711317653265098215343 -2.085900169831173212031671937439 
-0.807037566581257470588184332883 -0.093443067975378713008183240163 
-0.258752463041065250415329046518 -0.799099938296979117602347741922 
1.382311406483123672472856924287 1.064718483288248807028253395401 
-0.040659937284465152984580527118 -0.621067061056226443760408528760 
1.046010742451799258034839112952 0.233283863870706820176081919271 
-0.219841804628033238300233165319 0.609350960211870962268676521489 
0.707556328690528091307498925744 -0.247712061677274802962145372476 
0.531496418317949359533258757438 0.964292309181694839992360357428 
0.511772782283848037820916943019 0.287101529953629641678247708114 
2.270320648858922929491654940648 0.211177583086109649235240226517 
2.819190557801851682029337098356 -0.917412735484724017887003810756 
-0.218920592528381335872822432975 0.348750966609524426509381100914 
1.675688053710396863138498702028 0.528303110272453246842871976696 
-1.140569732039158568071002264332 -0.352718672924696829973356670962 
-1.065581843751223667382532767078 0.792724337019354519107139367406 
-1.658299827868588760537704729359 0.123184359359028411384784362781 
-0.525701920836880498555387930537 -0.846636399100324066324674276984 
0.498967353462607510206083816229 1.113332639638122234515549280331 
1.011710639838879988161579603911 -0.380444890420742143355425923801 
0.378083656434708648141906905948 -0.279246258696014382216787907964 
0.768106923445305289632756284846 0.819750850122061947011786742223 
0.869524093301203726547043970641 1.470967640472380377758554459433 
0.583533231373755456594665247394 0.379316976553936591187721205642 
0.046539193798747713337604636763 0.178280499352862553674725631936 
-0.381675467415591329611856963311 1.054068681217882774703298309760 
2.079738878461843576417322765337 -0.479676815739229378543484472175 
-0.060386839619097722187124333004 0.111853715692194391473357484301 
0.827875430386221800027612971462 -2.488700016358869060439928944106 
-1.890913136061414645539002776786 -0.156983437373323264640845309259 
-2.378521347895808712991083666566 -1.156621048254130812438233988360 
0.788850843011464575305069502065 -1.765143743572250123463618365349 
-0.915696929885898458501003460697 -1.095826497282798461796460287587 
1.052826462656914818794007260294 1.017325678575980552054147665331 
1.609610402226666847624869660649 1.503752772311417906792030407814 
-1.761440581947835593012996469042 -0.106101049783272768922692819160 
1.826080712032320807480800795020 1.069795161004040373597945290385 
0.701619697000015585253152039513 -0.519730477151874703523048992793 
0.650000342084611659743131895084 -1.862355831270941841637522884412 
-0.226922897336719969763052517919 -0.603235365991959815445966341940 
-0.037681879032084621139464530870 -1.289373518079905078792535277898 
-0.525640696972243914864009184384 0.366204922929027620881470284075 
-0.278320318465374694216762918586 -0.287191225922515780411004016059 
0.651104687240449897522864830535 0.092013184063184941252622195407 
-0.108125164314743074656099963704 1.666001281443881820720775976952 
0.311676049605657035090899853458 -0.460533333570492475761426476311 
0.115349386119496008507034900958 -0.757858897000620146400251542218 
-0.877633277614092044416338467272 0.573626086577415095213439144572 
0.120714385592165157623512072860 0.131686094308493928384251603347 
-1.656096937438106486695232888451 -0.559128840719715469731454504654 
-1.370894014544637107277935683669 -0.432833495864317130408238654127 
0.217237323771137996741842357551 0.964294141021527440038596523664 
-0.888277256219595634512131709926 -0.067667710170274841807724897080 
-0.101556854780932126480763599830 -0.064362663340824508018123140118 
-0.364356444130049306195928693342 0.601975490777012067766804648272 
0.150656516726143302475904306448 -0.802425353912449068616297154222 
-1.718547860626709056219851845526 -0.586374772868985427720645020599 
-1.043865515772366192592812694784 -0.061075465136740517135827133188 
-0.486479190394898008964474911409 0.294977254988586845563247607060 
1.038596531315144400053895878955 0.831771183207616671140272046614 
1.128073422545680104533971643832 1.078050021122077373192382765410 
0.412645177479871838599478905962 -0.071124290503397344376246280717 
0.187394963895187643965201118590 0.187059181049242517769215510270 
0.840839084881343512556384212075 -1.384777832139018505230865230260 
-0.210174844359866247467394373416 0.048940749245272287260011268017 
0.873618923533612590226482552680 -0.306257333459200753456030952293 
-1.237575809209616295447631273419 0.677301388222411815398515955167 
-0.122291349536641086315214010938 1.125678788990566170369334031420 
0.892055593850890393703423342231 0.926764224685017179439228129922 
1.096155363060787868434431402420 1.650157013932397997990619842312 
-1.694800852917539790709611224884 0.259536465133388016823801081046 
0.081462861083624799052316234338 1.518568922967339140939202479785 
-1.619343152210783731703713783645 1.944796627891731466419855678396 
0.378564656307398605949998682263 0.058540866833522178791504586570 
-1.103068721998886170254650096467 0.331471731252652612731424142112 
-0.013191126196072114340474001892 1.351555497211082146336025289202 
0.638673508701718461999519149686 -0.924100684218026713345750522421 
1.187869258524728799386593891541 1.071168261071558047703433658171 
-0.527887621951408925191628895845 -1.409906936515583186775302237947 
-2.019052216152524170666993086343 0.311830241646456340909310256393 
0.170931981634840357564542046021 -2.507440637321907583867641733377 
1.553183663571854999929655605229 -0.257980698652737483467234369527 
-1.711408538612530172429160302272 1.170383032042584758869452343788 
1.892075421226508069594274275005 0.407483184349798244205942410190 
-0.719179574546848998650716566772 -0.289029448755864892817157851823 
0.017465617425158244668814688794 -1.296295537289750443576963334635 
-0.702108691679806051766377095191 -0.310702169116835402729037696190 
-1.113543725983728416295548413473 0.092956212045126399012850981762 
-0.114965382834606250073150590651 2.204391481834934385375390775152 
0.513667248607319715247854219342 1.709917400542202203794772685796 
1.397073570885855708922917983728 -0.255829825847490643919712738352 
-1.074181257796466892884268418129 0.377674036277106162096117714100 
-0.463978552999834981118709720249 1.839495089839649155649681233626 
-0.883017117064000878201568411896 -1.281785142288831558232686802512 
0.050225004307371562406459020167 0.661816039364902408692614699248 
-1.210497971679201478778509226686 0.688414595558641484451811720646 
-0.265975484088215863298643171220 -1.112429434988995380351184394385 
0.313545012802364186921266764330 -1.442094822408650722778133967950 
-0.224177800904135804405115095506 -0.792162119165840672430078939215 
0.138394580119587662370150837887 -1.370746986829967983823053145898 
-0.332826301965854998154981103653 -2.017528208706752312906473889598 
-0.277537396801421865077941220079 -2.646364650409100072181445284514 
0.623837599391585340136145987344 1.024372957313132381784726021579 
-0.209582891699717915878764529225 -1.385304873777117418143234317540 
-0.884340579018666139710092011228 0.646469420819206108674848110240 
0.999798265972199118323260336183 0.501763496890452298515583606786 
1.160725238474940024246961911558 1.190501656253701634469166492636 
0.715779169580774365932995806361 -0.099257553321457317463405445324 
3.608791037947516322503815899836 0.539932797616815007835100459488 
-0.716365375944031601562755895429 0.710345001245647922338832813693 
1.447147563636612677129278381472 0.078523709602700900167526754103 
-1.226326240805617251439230130927 -1.126040650579584356805185052508 
-0.789345345156702071776066986786 1.432414326555173866850623198843 
0.907120768366020402417859713751 0.024050112964995266212619995372 
0.139672048514965035925783354287 1.449120435723656674653625486826 
0.226159736734587085704717424051 -2.254338397992582621043311519315 
1.147776574640632540891260759963 -1.538965646478807069996719292249 
-0.228989401874038517314957630333 -1.616124291791046330146741638600 
-0.152425068034336641531467648747 -1.765824016366528192989449053130 
-0.590921239417247390335319323640 -0.387811204763382044724551178660 
1.308144827301109813788571045734 -0.275718097450458166086662004091 
0.523229965925703366380616898823 0.534963818890406561656902795221 
-1.447881348603798024043953773798 -0.087034381514526290568589672603 
0.459212635692304138590458251201 0.273929812501811198455214935166 
0.039528832349594707207263155624 1.333383179745593949405702005606 
0.249052194378871438740219446117 -0.755207726593743244869472164282 
0.314600470194067782792046727991 1.300674117575951527214783709496 
-0.392111159895998151458940128578 -1.429838759023822625238153705141 
1.556968766943196413876648875885 1.948579032348247475070479595161 
-1.124159402121852835421123018023 -1.112387936450201397775572331739 
-0.409151545238857272668298037388 -0.638497102639890234954123116040 
-0.301998697444804342637780791847 -0.321230092445499548770015962873 
1.912024332360794165452944071149 -0.497932857580671517361281530611 
1.255202835551474604969257597986 -0.123103114835299690121850346713 
-0.280978380955768214377599178988 1.091385769420119222772314060421 
1.412946811168996674723530304618 -0.253951723588455857694157202786 
1.438009152620021824375839969434 -0.735693885688459059402077855339 
0.033736917842340015394331231846 -0.405369219420848525547995677698 
-0.836073533204609864455392198579 -1.649040432338616968266364892770 
0.363120403238243072419066947987 -0.712610400723623582663890374533 
-1.433827796994713299483237278764 0.598185913208968078613736452098 
1.199753409474314747029666250455 0.916418636084615712000811527105 
-0.702618074103414480546803133620 0.497852857597034847980665972500 
1.312429732291259254495230379689 -1.597025146727363287268985914125 
0.962119077027110081168359556614 2.315896059126604455968845286407 
2.396826662199726953872414014768 1.193020214359459485464753925044 
0.092250225757977546980903582607 0.328192768033868043087153409942 
-0.172465261009597331520737384380 -0.981120791393755409259824773471 
-0.327934942863475131780148785765 -0.741918403983597873896371766023 
-0.179783668888313291622793599345 -1.746741004187472912079215348058 
1.718880746136198789386639873555 -1.631766341630894290304354399268 
0.208390880734278360897349102743 -2.147630636610355914228875917615 
-0.145628003433737412963822066558 1.677088246492173695401106670033 
-1.248003732935878407062091355328 -1.744525111668305372703002831258 
-1.763079668807166378030615305761 0.134168024222453080573913553053 
1.584206013773158838731092146190 0.361714776134897109116650426586 
0.040826678627359232198745786491 -0.021895084080923409020069669850 
0.823715430600850506692722774460 0.981526183218080938708283156302 
-0.354697341290837353522391595106 -0.107189809709686209582280014274 
-0.203510472599344738320326086978 -0.930002859609766252546592113504 
0.826945452341204867430235481152 -1.894776758958241158481428101368 
0.295828605009856082652675013378 0.135318543358996012937467412485 
-0.175820856675383191403128080310 0.223804943574763381963776964767 
0.460881167010984027498921022925 -0.418213872831059541024245618246 
-0.783304743055942109819511642854 -1.075718236818049566849708753580 
0.059600214207970084179244452116 -0.770401780923604118100911364309 
-0.650695971257886029981420961121 0.548917822166599123079322453123 
-0.366577811730954161717477290949 0.905929596294841599224412220792 
0.893839032488884077665147742664 2.356569938187347723612674599281 
-1.120723870036759439727802600828 0.859664872833306059618507788400 
0.876251244253478334123030890623 0.307848566195693174041281281461 
-1.493382661929224752839218126610 0.848564736916757267337629855319 
-1.298048038372236812065807498584 -0.182255258644501344500454820263 
1.197405971982090644445406724117 0.975219287450432847919046253082 
0.773848007691527839391198995145 0.229370128299542092031870765823 
-1.047376656054201049528273870237 0.915381995823423388891626473196 
-1.126960184654428820394400645455 -2.067664192632991948528342618374 
-1.110113088668913450263175946020 0.020523158073162725556493057866 
-0.385148675368769122240308888649 -0.794503592047009599141915714426 
0.381271826627456789093884026443 -0.916309052312131111506232628017 
1.423962105709048131529925740324 -0.881945931416986295126037020964 
1.061734680326374746783812952344 0.222449322903555901653760429326 
1.869688810689138946941056929063 0.330355922779977606573709181248 
0.253092245048532227258419879945 -0.839591996846982491220501287899 
-1.200133234435478479795733619540 0.108428438557586492851925186187 
1.141737418961013217355571214284 0.360848430163334232823046932026 
1.176784179345722547438413130294 0.720782009853511373975720744056 
0.360280627077061044172268111652 -1.072440615558298837584061402595 
-0.117108819632489397077890203036 0.524071844809595344116814885638 
1.181841624408792368328136035416 -0.464999278471612043084348897537 
-0.091149302225432785040659666720 -1.722567742422792758105742905173 
0.242200449557334773764694091369 -0.269027557392932215041270183065 
-1.749156665126218035410943230090 0.188866190131944305941047446140 
0.423023541219525012202495872771 -1.056388968896016411491700637271 
0.107771327086842935716326508100 0.434696008634204655862731669913 
0.989036717428823819453498344956 -0.731680363005160483425015627290 
-0.433029204221140495700836936521 1.368688748089968987287079471571 
-0.808516751119411347659138300514 1.395238792793312310180908752955 
0.958419272367021846115164862567 0.569506896352608205091883064597 
-0.379343892823701345218267988457 0.034241065247432013463058098068 
-0.925964164710759707332954349113 -1.156915996324377360338075959589 
0.391201828681875307669457697557 0.570774661994979393142557455576 
0.791872869530942158355912852130 0.222461687958657644559323784961 
-0.751568227914216957508131145005 0.511183722827827424772806352848 
0.474948403510485284151343421399 -1.119657665647674660291954751301 
-0.101922013116396745213698693533 2.340568250532112593020883650752 
1.305604194303114029551693420217 0.084129785725924915995577180183 
-1.613002771344835162281583507138 -0.847495017653118964950920144474 
-2.243523311842098966195635512122 1.245399553821810778586609558261 
0.579949093395026649133683349646 0.264595298965922542944184669977 
0.435359048200821718843656071840 0.108334960350261008676930885031 
0.396714872347147695652580523529 0.637712499279391442641440335137 
1.427733726361227084566962730605 -1.083891775374971055967421307287 
-0.397403671935997404585094727736 -0.269462695232236759679267379397 
-0.123821616594478725592587409210 -1.098928164089290726579406509700 
0.047823609886006805680391806845 0.190135905989079784239592640915 
-1.392776863711204127227460958238 0.359607312841006554471334766276 
0.706810256255246849299567202252 0.764399693278362546422499690379 
-0.579646866365990054426049482572 -2.107507583539552253881765864207 
-0.233714148293189732941144143297 1.281784764071534965523824212141 
-0.335999936698575529803179051669 -0.158273504100717721243540836440 
1.357641448081221557941944411141 0.177883308214688479198528625602 
-1.147863501311644052194083087670 -0.362937247859719813725121184689 
0.264455547262836265787200318300 -0.756843687397546260875458301598 
-0.861952938412299030090935048065 -1.348157885560144375602931177127 
-1.711881496395462720627733688161 0.479457890914583295671747009692 
0.053017359902054750353528334017 -0.001173000302892637618235038843 
0.698254755498638024491242504155 -0.328459544951721971184355197693 
-0.641127462117312418854453426320 -0.101109387677415563100424833465 
0.216380706153283614012750035727 0.165353376074636931880590395849 
-0.582804850970009558075446420844 1.716210374808281313718794081069 
-0.652125426105189864856015447003 -0.504359252714620454050020725845 
0.182560386008813774205705726672 -1.091090504175908693085261802480 
-0.959146201335720260949813109619 -0.240646067900601445810337963849 
-1.372585765873655549995646651951 -0.350284355021769466809189452761 
0.371828928098500821608496380577 -1.180902080265723963492519033025 
-0.511564117386360650563403851265 0.414380855739227615952557925993 
0.551897193767785454454610771791 0.527687711650951074560111919709 
-2.138219594756179287031727653812 -0.689025358196178050462776809582 
0.315146323500071046108672589980 0.711993185107693715707455339725 
-1.627324324457819049172258019098 -0.342879891606511999491146980290 
1.203415305283920266887776051590 -0.125983879859395214717565636420 
-1.229121625594207900533660904330 0.283717307761413073396994377617 
0.183701845753021758556045028854 0.018891878084058354864138706830 
0.466028654336603453955945042253 -0.494435846751481611338618904483 
0.623209791114017752633458258060 0.647306873789635250915353026357 
0.739093484635837905116773072223 -0.406960268907954891837164268509 
0.484172798062042053501841110119 0.209591168876810618471040470467 
0.232236405382549832010496970724 0.607366675948330381196171856573 
-0.529552858997202391400094256824 0.235590876999628828780686262689 
-0.939713319958269455156596450252 -0.969033670595172313966259025619 
-1.786746697156940788531187536137 0.776946567642363583594544707012 
0.491219492201472041070786644923 -0.690595244879640302038126264961 
-1.385744764829031971942185919033 -0.491144838980209053058700874317 
0.243568856937726396783006066471 -0.157778361368598935010609807250 
2.078065251284356484973159240326 1.473788903840531849809281084163 
0.545331058271884661081685408135 2.016420652605442676019720238401 
0.905554083269945020440161442821 -0.699716672285692231625375825388 
-1.049028718498707490880406112410 -0.824023349852875508503302626195 
-0.829048102655217999945591600408 -0.961056054421123184816622142534 
-1.225035811484170844565255720227 0.276817157526227264341400768899 
0.128362358790363728644479124341 -0.476792452144850664730313383188 
0.872662006367404319284730718209 0.317158049817403808745552851178 
-0.528319393648542301455961478496 -0.615989398299696011562787134608 
0.099267247141091613515939684476 0.211544663727099263583752986051 
0.019780964711328376248733462717 1.027795036665571704048716128455 
-0.317213719224136436736216637655 -0.063091651632959003248579676892 
-0.422545955623419899893633555621 -0.889738407082683369075937207526 
-0.789313044393215812455366631184 2.037461424296742151796024700161 
0.385046622607711441776956462490 0.203305410903074440520654775355 
-0.153370949918009258361450974917 0.294180250321866232354750536615 
1.663833692263282371115451496735 1.827631002787633240913578447362 
0.292864624835003473091177284005 0.029524594445108593571136523792 
-1.455228878052620800076510931831 -0.707537352281568998613181520341 
-1.179050869612745300329947895079 2.392154263761000265731127001345 
-1.263441915472242271789582446218 -0.798002072742586610054615903209 
0.506867444239501141467485467729 0.789283844367658082852301504317 
0.171043452939463297424182997020 -1.079305731118026079329297317599 
-0.844317062040626065133608335600 1.158346301186430116203496254457 
0.078376193356253301414149348147 -1.128061526827374150272476072132 
1.369101822207188456914650487306 -0.007546535128300797985734238438 
1.383845576486032902252532039711 -0.496884743730737266087515990876 
0.259479763365944915420868710498 1.326845541640221171064695226960 
-0.291323599870581595450147460724 -1.051372880590850433790706119908 
-0.230425261596712283029830814485 -1.445390278936163896972288966936 
-0.712423815281987504732796878670 0.181189953375900547616339508750 
-0.520005816167664836058293076348 -0.057836706793800457537813031195 
-0.961957324282046166707971224241 -0.445196988054800069090077840883 
0.588437864645514396855219274585 0.257458709074197711341724925660 
-1.426153333186597427229003187676 -0.931300498314116431686215946684 
-0.520887092965400255728525280574 -0.238724170509758554237222938355 
0.157341112697095053540863318631 -0.533774144028899111269481636555 
0.152767849892897822350334990915 1.378314513465282997728422742512 
0.492313163395163400082310545258 1.147990136637250691009626279993 
-0.448446334477432650977846151363 1.031223421628110203940309475001 
0.541842014161557417040171458211 1.327562879164025932965387255535 
0.110220953099858173795944082940 0.721519524813711288224737927521 
1.056739460908062477884072904999 -0.692639286170178225532367832784 
2.214368962338399526856846932787 -1.568952427083974088262152690731 
-0.500535856409536572542151589005 -1.484179291052125870820077579992 
-0.747044041462163410649566230859 -2.930014984464657690210742657655 
0.197196563274152886213741453503 -1.524099763897789339139876574336 
0.750946068205941452688989556918 0.424102976966285349913476920847 
-1.651552178615373289716217186651 -0.428870487642875053424518227985 
1.544750228674663716788018064108 0.522841337175481757348904920946 
1.903455825043905980109570919012 0.481609069561335478848462798851 
-0.251262381959946767828739666584 0.517788051243990965488706024189 
-1.035894139297931282328590896213 0.780497056772119335299464637501 
-0.454046382885127719486462183340 1.128579348587488428989900057786 
0.799272953140286346318532650912 -0.010186255182710842945303930662 
-1.481653028108011804775401287770 -1.031427436266101782535997699597 
1.623304305424218441089578846004 -0.316654882858000086276462070600 
-2.184356531088441855104065325577 -0.301532586043262385011587412009 
0.382018671339705517819851365857 -1.467887263985489632034386886517 
0.989521770083728657851906973519 -1.727294742090370371911944857857 
0.079262312004297258427598649178 -0.098672340807503949866585912787 
-0.970523715247887941437454628613 -0.646799142333613463762276296620 
1.333326887684274986156651721103 -1.080410357773711416129458484647 
-1.625212016091854394517213222571 0.812137992478520476247183523810 
-0.955304004655617045038695778203 0.707206579898571718878486080939 
-0.146119377839142694508467457126 0.494454989694394608790162237710 
-0.554331457332028265660994748032 -0.449795759989582433213683998474 
-0.281672556511313565419385440691 0.041988876879001220399079130630 
1.333302528378141227349829023296 -0.202187700652114998867148187855 
-0.458656167602822684159491473110 0.478696158029721208215789829410 
0.226878195602205678937934862915 1.227473889004389473456058112788 
0.004256305905817710059924063870 -0.037343197522635471208296564782 
0.400983470004310393886015617682 -0.369986331587137895482442218054 
1.053357864452351355666337440198 0.368825501851433257272105947777 
-0.079688277780089536439511732624 0.160672907524582991856121338969 
-1.381205781086305206528663802601 0.110852395074435616795227588227 
-0.391700664068196424683065970385 1.582339494991558792591490600898 
0.851506407414407751055307471688 1.480904823183857965673837497889 
0.376417894644452799557399202968 -0.771187024549652266891541785299 
-1.156966474001503542012869729660 -1.015541623051362973839673031762 
-0.609469761529109921305291663884 -1.195397238497139857926754302753 
-0.308828303486540611810795553538 -1.625318295838583448897907146602 
0.033680231093564147459851199073 -2.233867759337851754963821804267 
-0.967633791456182001944341664057 -0.805952185837784051969379106595 
-0.610100500758768538034360062738 1.111107011282538969965116848471 
1.161498393650009175459558719012 0.450383650175717242802875261987 
-0.824203442907340377843183887308 0.076138401272564756872007762922 
0.607103656845848549394872861740 -0.315402299963002008542645171474 
0.017672346155643434140181113889 -0.430985972753793245004771961248 
-0.004872594127603407931914603068 0.155902150573494352459036349501 
-0.522803379059960549035679377994 0.395037231492559481882409500031 
-1.389961649718581826462582284876 -1.110383301763215868618317472283 
-0.154781956254031349828892416554 0.743537593109089955945023575623 
0.286633786909767263040293983067 0.363503147825589623121089744018 
-0.227332721629277784147760144151 -1.208042917254193104881210274471 
0.318809831361503592805917151054 0.066444747373434337456288290014 
1.074701318300794739002412825357 1.015188000578288507469437718100 
0.186331798436081358394389440036 -0.643826566134453881495858240669 
1.392477520817085201443319419923 0.125368741786268889093491907261 
-0.615309614164434859340246930515 0.071058547856789583407888244437 
1.400465517128496095722312020371 -0.197054635568996994177126680370 
1.765961119913135535242076912255 0.762680213715700050514101349108 
-0.759209362021627587324701380567 1.875643406930856960102005359659 
0.990629920787193696263273068325 0.268326647871970247472006576572 
1.371866249551632277459134456876 -1.111030676971362929350561898900 
0.304399234280110841943667310261 0.601956059683124711234825099382 
-1.827794693652598390087860025233 -0.377498541670375886702970547049 
-0.395357401183518808451822224015 -0.398058260700143884402990579474 
-0.230464005776647024026360099924 -0.699191555590632951577845233260 
0.279490891265551877342687703276 1.945753943094412186098907113774 
0.011494185905520612131502922182 -1.275923589443889616390492847131 
1.277199704445238115368965736707 -0.863924943079954821278931831330 
0.658275104296821789162663662864 -1.301625979411338729363478705636 
-0.476884549902602483673064170944 0.004933213360468632902033903065 
0.914381143933224116437941120239 -1.138722504274114477595958305756 
-1.562727210634351715512480041070 0.253284586860176186284832056117 
-0.658003616876454699990972585510 -0.470299920553680639301319388323 
1.317231722750247246978005932760 -0.062579189352292771686414596388 
-0.449728612722499365705886020805 -1.009362453042689233839723783603 
0.117404978757252892451745651670 -0.029761241356333914542808827264 
0.457016685508442377372517739786 -0.447506412255333774208310160247 
0.454449309365228371060396739267 0.703308963804989417667457018979 
-1.142204662890228927807356740232 1.690810498503454439855886448640 
0.460959085856484596099846839934 0.491320810906099469939078971947 
-1.197680358469959793765724498371 1.195398486400636617332793321111 
2.765763181183707342114530547406 0.877358047890392733769715505332 
-0.563343566360519076852142461576 -0.076989632381750133793829604656 
0.800703574488706437684015781997 1.246977960360833526110013735888 
0.055302657967117523074573881559 0.924276532940575989982789906207 
0.627943478850488623344006100524 -0.666340533583048899579637236457 
-0.536908539328925127342984069401 -0.393970493081062300699812794846 
-0.095166401950533899278816818423 -0.587564624215054287503789964831 
0.385273626349020126280464637603 -0.035740196676946181519873846355 
0.172068036943337249189411863881 -0.219720752584653261640923460618 
-0.233519257389775747313365172886 0.834569742162429961673808520572 
2.364141811455926500684654456563 0.692855932080599812294963157910 
-0.078082382377810316542721125188 -0.354302990341612278335503560811 
0.999336878711209131154191709356 -0.222278444354967463780781145033 
-0.007985096672108935034195553726 -0.132464770003018622590573727393 
0.380896473275360691879143359984 -1.297137945126073166335345376865 
0.215636777464936174597553986132 0.090604394081955821893537006417 
0.355793365990026366763032683593 1.301188852794403993939909014443 
-0.742307451133657036912438798026 -0.564491840209790485261009962414 
-1.478425359809701467028730803577 2.066429380008048877215287575382 
-1.114153406665882251047605677741 -0.298836999809144521211834444330 
0.579410572331035322868331149948 1.696463437241678473554884476471 
-0.735434606897223841492916562856 -0.082378905184451525767208579509 
0.823715671102665858427371858852 1.307319534802796390238199819578 
-0.031875891985430206132523522911 0.456381272636610602067008812810 
-0.827508477256579055847396375611 -0.405830302662069430930102953425 
-1.138206488083405298894490442763 -0.905858314236103412397937972855 
-0.746394661223273692129964729247 2.094331969830644624153137556277 
-0.478650076871749374785025565870 -0.130703006281633254959118062288 
-1.798114721410035921067560593656 0.568155853656943654605981919303 
-0.227106758410636183631581275222 1.445138137992461269121236000501 
-0.439921905191335504969885050741 1.540103817605346758767836945481 
-0.542575802112802096921484462655 0.759301981404036707701266095683 
-0.167444966265795025517348904032 1.206056873803200479855490812042 
-1.489997720860454233360314901802 0.795299977516932043997144319292 
-0.034166866463830783406940838631 -0.481917366393355750542326632058 
1.594609985606177282591033872450 1.255519515797417717806183645735 
0.624773535127442380954221334832 1.256018374585609276294917435735 
1.144781357864842030735985645151 0.244335255259951505957261019830 
1.002710530126331267553041470819 -0.228639683503168794631577043219 
1.600798190582617630539630226849 -1.414012771843445426256380414998 
-0.757376358514443626113177288062 0.580031849093097018332798597839 
-1.230666774363929460989197650633 -0.424004062841707329845064577967 
-0.294654267919053802771145456063 0.235374488436389361911693640650 
0.096304069438707576300551238546 0.340239788653726893397077901682 
0.417920573160491137798544514226 0.606505483649868892825907096267 
0.196062112307823083190427837508 0.306934525848776951217899977564 
-1.156204947792774273551685837447 -0.162895201075515000388449493585 
0.625614314042520325287455307262 1.718457177949928249560684889730 
-0.136400647612856779078427393870 -1.812568434543227358091144196806 
-1.872809702070577841936938057188 0.481060657267036118067693450939 
-0.953469004277939458091850610799 1.614098965353213177564839497791 
0.965271218089135296658298557304 1.322282499238228270499462269072 
-0.698945735753324193240132444771 0.770961133255328334712430660147 
-0.331087120776471455219081008181 -1.113227779908341430470386512752 
0.141421932900608615657489508521 2.293275839245645375541471366887 
0.862179199677688079539450427546 -0.957045570058196126694838312687 
1.180644746453803017871564406960 0.065697822261621324768654517356 
-0.933249841409244051959603893920 0.917714237528426068912779101083 
0.779675878394004318039378631511 -0.000194508952207893184155329536 
-0.586113795390491576497993264638 0.311658643293222681336374080274 
-1.518648798631029306349660146225 0.761979255395820898044689784001 
0.518295148259182214545148781326 0.247162574996498379809040102373 
-0.632675091881087170442299338902 -2.513246627286298551240406595753 
-1.184833949984929191145965887699 0.049059221333744081061656316933 
-1.248443485960994081551689305343 0.034137443142205237123221195361 
0.698696232949701512282558724110 -0.005036398287838068574262528898 
0.208124004225496067599365801470 1.393069252772279220664586318890 
-0.005972361848221346275478182974 0.720141803040485251052871262800 
0.323870945596669901345165953899 0.590712639308191622689037103555 
2.287115806365352721485351139563 0.947921390697490151566739768896 
0.892068050078560825788542842929 0.322036253331383581777203062302 
0.356027481462214134833033085670 1.425409149158042287908187972789 
0.648877428600704297956269783754 -0.046170401665882598862822305819 
0.232728908496891678803208947102 -1.271266550201410439058236079291 
-0.508826919193425042386991208332 0.640195629156312340235501778807 
0.944344143051780271491679741303 -0.880096514494938753081498816755 
-0.150178710775190293880143599381 0.695630961840889905367646406376 
-0.564422612264683043470370193972 0.986205097297863320093824768264 
0.301137182743962728004305517970 -0.733133277583494780138551050186 
-0.233306600168033201336825754879 0.723632586091655705118341757043 
0.056061781907847794970134458481 0.535332704563246886131366863992 
-0.629645709749680926314852058567 0.006418356549850632100651104395 
0.815541932282300874312852556614 -0.204197303257937612386285763932 
1.204406174259367690027033859224 -0.280786119405141587623830901066 
-0.506924127278555958220351840282 -0.110052952735869735700902083408 
1.355153417854535025099949052674 0.449420668585733040778507074720 
-0.708979558471985793488556737429 -0.673947810657634427400353160920 
0.402811467509516574203587424563 0.368073078124604435856781492475 
-0.588737038227726494632463527523 1.177197091095101511015741380106 
0.265462867891276099729935822324 0.072254065128327493727766750453 
0.175150725277161578574691702670 -2.026133758087800718072912786738 
-1.348879526473382384210708551109 -0.407966791596864275515343933876 
1.263341796058935484481366984255 -0.673351373803408592699781820556 
0.498233026246893195843057355887 -1.126823082256847685655998247967 
-0.021822157329360662020301120378 0.898626182920523763897335811635 
-1.332451818777050878139789347188 0.235678294550857342359861945624 
0.207528492128266711658213239389 0.372346969414489969985027073562 
1.060453566209769604711254942231 -0.934131171216071032326055956219 
-0.216150406112212173370679124673 1.702045348446775907547134920605 
-1.688219507310716682724205384147 0.347678299096207898966071070390 
-1.097532860767438167570730911393 0.279814484724089096445709401451 
0.331121418286745849979268996321 0.306426875442142365724151886752 
-1.330607756834480959184929815819 -0.091072158065897648726583213374 
0.342903379750792658420266434405 0.102458577481767690309233387325 
-0.100307891634536849867487262600 -1.153847429114272404859775633668 
-0.365578264283225762287798943362 -0.494967480770093115616248269362 
0.623253106477833718201964074979 -0.546823369405755710381811240950 
0.351373001631450354587116180483 0.070929009036270335153417931906 
-0.803436111409015940587607929046 -0.272988092624743272640586155831 
-1.517146411171341302548398743966 0.986457083406134138670040556462 
0.131106581414541678576313188387 0.145248773554560867138363278173 
0.355620982213234626545528271890 1.763006262478228558521209379251 
0.406460948508330810469146854302 -1.785920771599413869878958394111 
-1.306752003681839857662794202042 0.991765405354747997535014292225 
-0.869471850580087801674267211638 -0.515361286131437834612256665423 
-0.040507567765740278009634067757 -0.576240759238644484341307361319 
0.127931043991134557602507015872 -0.638270792425246646928371774266 
-0.349715931965270399039980020461 -0.228874947667365380432613619632 
-1.000842404606896218766109996068 -0.398777528251914981094472523182 
0.920349555115496986701373316464 -0.471224756976311720535477434169 
-0.433332960032893288460087433123 -0.528516539419596420579239293147 
0.028388051302989460861203596664 0.728863861699589388187803251640 
0.546366246399121346932759024639 0.589622013547310475090057479974 
0.723994997042493926286965688632 2.731016228062362660722328655538 
1.285500242167408879723211612145 0.683930679916741612878183786961 
0.356791668311598253460203977738 0.885939845467007103252399247140 
0.477056537184845308452452172787 -0.361863611276312502340601895412 
0.422176163243902724531153580756 0.018193640956585859641547742171 
-0.611471012780025358068769492093 -2.919472013585768355170557697420 
-0.216747322881174736552978288273 -0.653266466625218256147888951091 
-1.260857350233409279738339137111 1.273195418666539291407957534830 
1.930514048975801033591892519325 -0.432528677748363510335849468902 
0.496669725392966499022406878794 -0.880853988551560607156432070042 
1.426392193392568064069791944348 0.518479406404287246346029860433 
-0.088713318949083713738090750667 -0.207453172417814746264497216544 
-0.014277180518666559780327496298 -0.281705852242569609877875791426 
0.094845532718300915031583997461 -0.008646474576587518529047216020 
-0.942194703017083634577488737705 0.890149979016225056938083071145 
-0.660176999205702386142036175443 -0.742001219633966258015789208002 
-0.437257240045919093329729321340 0.427113305719059810350302086590 
0.084668586910347690133171738580 -1.507192159928098629251280726749 
1.297969098310155722231229447061 -0.718143271840986918697069540940 
1.092508107472102141244363338046 0.989421948209977308863471989753 
1.597166010180325335099382755288 0.177060867451272280215235355172 
0.991605266496688342314769215591 0.360889973000761032917438342338 
0.611342405324234228203295060666 -1.070402110234361714447004487738 
1.119965523630637838081725021766 -1.501994333696452077475669284468 
-0.362221492467931782677226237865 0.444422614540321392340160855383 
1.253959818357882838313344109338 -1.153302397689572877936825534562 
0.711703118786981003829339442746 -0.991730215009669846537576631818 
0.560405908668562657837242113601 -0.641351148605609489017354007956 
-0.596808164600028390189834226476 1.748078948433640533721700194292 
-0.864913174760024050513607107860 -0.121818972825484247990424080399 
0.361609201293395132736918640148 1.593605474976667268904861884948 
-0.498013286232092289296247145103 1.102535182339983821364626237482 
-1.690726136774182375432928893133 0.095171716601199815577238894093 
0.258175973320372842412240288468 0.159742360916323294928176323992 
-1.601026699587308810279751014605 1.385012203042696565802316399640 
1.625300954906486072815141596948 1.011614664674669317179223071435 
-0.459349372368451802639555126007 0.356979111834296536365229712828 
0.101123963746531875251832843787 0.874274718136558548486902964214 
-0.080795331786607152424473099472 -0.993786754749139134013091734232 
0.604493264312275457861289851280 -0.340695647277890867332672542034 
0.894409735435332642339290032396 -0.395822145374292666542004326402 
1.234988121283313589060526282992 1.245674983447527806035282083030 
-0.517060613334229479676196206128 0.843543443845989004969965208147 
-0.657407258345080069972254932509 -0.781915397062970085606536940759 
-2.206737708929044305961042482522 -0.343386491081194844543489352873 
1.486747883677594472828786820173 0.137397686936506141508473888280 
0.707711905859605083790597745974 0.718237730496006476776926774619 
1.054881118634696690605778712779 1.214101532135760441732941217197 
-2.052662795648260374292704000254 0.479769342862891079448672826402 
0.749447594773181569038911220559 -0.376502535335382526593406282700 
1.707954769282623797010955968290 0.706432415594378748657788946730 
0.853060046737230459612533195468 -1.354791513617850773343320724962 
-1.459543915871829522501457176986 -0.488675379798564291089491007369 
0.382944427891922067885843716795 0.358692753203647074489168744549 
-1.018168547905550003207508780179 0.111176843185718202122735931425 
1.212047909272228052302011747088 0.897600432640257794858484885481 
2.199707431930536749575821886538 -2.233033098872405641799332443043 
0.633638839729294911506940479740 -0.500420531181225314298899320420 
-0.856528823468504230120856846042 0.135584009112403425234560927493 
0.425747529605383923101413756740 1.520612867122801636909912303963 
-0.712860990196229393767168858176 0.967237800490643451212235959247 
1.011142681513642171964306726295 -0.903592118339585748110209806327 
1.517686901166690027764616388595 -0.190334715490408645788278363398 
-0.317500443452249092590733425823 -1.357246678510819481999760682811 
-1.277793149098370495408971692086 -1.232039917044564614201362928725 
-0.365294388347778720138592234434 1.263729927034187072720783362456 
-0.617081965919856534341647602560 -1.381013499836980296109345545119 
0.117272294976768720609072715888 0.738489476758681706591858073807 
-1.230547576654400510065556773043 -0.352261784670657940310434241837 
-0.034406899404381990903445398544 -1.528204001593619132393087056698 
0.695061164026984035224643321271 -1.006449453003149363539137084445 
0.501708822379524077561541162140 -0.819902036656616761689519989886 
0.148573443857273057577828012654 -0.938336579129814607469484144531 
-0.400865501273856172925746932378 -1.625400614331434789860963974206 
-0.331468600259907764105093974649 -0.675524407740002219568964392238 
0.384058381961350947531030897153 0.194967441450354717069615162472 
-0.181491740202090967581938230069 -0.215317973734657247542045865885 
-1.209419646447194685023873717000 -0.466692128261434580061006727192 
2.341235622822669615317181524006 0.582548435736887082470047971583 
0.725776162997554985523152026872 -0.300223491991109647791802217398 
0.417180665484392254604983918398 -1.407997059176411269731943320949 
-0.842880486313116739083284301159 1.241912900612855974458170749131 
0.321638373639684616023259877693 0.710778995437427840720090443938 
0.857466533654250961937748343189 0.726830105355090849705845812423 
2.468128365674725266387667943491 -2.522464904032408306022716715233 
1.784543079404456555892011238029 0.405994252692745971611287814085 
-1.114482549735863692319526307983 -1.447788445528906953185810380091 
-0.813858536644236241208716364781 -0.577394981202873025516453253658 
-0.831059877483196984826463449281 1.513147285639385275501922478725 
0.506330204956714990949251387065 -0.342972611386946013567467161920 
-1.898992874772122307902577631467 0.425282117079768762213376476211 
0.100487029673163780207900686037 -1.519158029563796530325703315611 
0.498228793252468160623891435534 0.582302343321732029934878482891 
-0.839249085130174043989370602503 -1.099131013385556743244819699612 
0.879044574254680521896432310314 -1.107199091160803394728873172426 
0.648391816537223775185339036398 -0.705092731651500437273227817059 
1.164929080535782812688694320968 0.085080606134989245070698871132 
1.235370822740714524812233321427 -0.926882431750311597262736995617 
2.445764646172314371597167337313 0.708195816402219846530385893857 
-0.839182958308514970191538395738 -0.184976379653410544223746114767 
-2.324953490369692232775378215592 1.505034505370921538158768271387 
0.797569325900128522910392803169 1.183804403551174111441923741950 
0.202034062052745794213493013558 -0.033810605590679436438517058150 
-0.332909993345579746648610353077 -0.478757894303909581346090362786 
1.108532899060580945160836563446 1.856081404699237991096083533193 
0.340222099041900039040342562657 0.555205679791894946006891586876 
-0.188531254160915706652446033331 -0.587800051895514430455591536884 
-1.576840846937348050715854697046 -0.240231994218564337550958498468 
1.762876198703055008465412356600 -1.845176638191641904640505345014 
-1.376582300460675867270765593275 -1.360937902806355292995021954994 
0.828869894024882647443064342951 -0.225944687255356851940391038625 
1.546462147148291998988156592532 -1.729687023563031278428070436348 
1.377948638032478356763022020459 -1.703523810590545473075962945586 
-0.184295593519258976700214702760 -1.006219882148258637499793621828 
0.976168627734384286576130307367 1.911837494206196641499673205544 
3.477858167173926595694410934811 0.102788309214299045102336549462 
0.547029019550442585639871140302 0.814858660347612895336055771622 
1.328085558838349111709931094083 0.956047753608673556158237261116 
1.062248291778679298857923640753 0.664641604966690113798222228070 
0.387847876389246171147107133947 -0.262588479882751801852691642125 
-1.156860215286161563952305186831 -0.566368404709275408137614249426 
1.650037308528827351139511847578 -0.232662921427812474650664853471 
0.705356447713660683618286384444 0.802262504445307000899845206732 
0.391863874717493398946999150212 -1.979498419693842548028328565124 
-0.591620204622600676103161276842 0.545924687588836166085570766882 
1.582977197362190668883386024390 -0.686085306978269193756148069951 
0.207058041237741519147164126480 1.322624907602131472117434896063 
-2.279611482394167776277527082129 -0.109149284098438908996442364696 
-0.390378826689464109023219862138 -1.884413620471599326577916144743 
0.771948568976604021507625930099 -0.339918844070069947616019589987 
0.226077015118422652850682652570 1.257955463389084371783610549755 
-0.862181963552583696674957991490 0.350339971839061459224495820308 
-1.224838369689197570266969705699 -0.571864365814900632578599015687 
-2.352355633335816431639386792085 -0.165536986893829674016842545825 
0.763959673060901844898751278379 -0.050962453665483103959488175860 
2.204573209717042292510313927778 0.617682009787733132810672032065 
1.029870294207353653703762574878 0.507995939974113297488145235548 
0.355751615041935531635886036383 -0.076195839385189964576561294507 
1.307064866328245589244261282147 0.481266232172805175082430650946 
-0.886453372444564680066036999051 3.128386696563203450693890772527 
-0.809773213106377065528818093298 0.566354609014634413632904852420 
-0.521953835758970252634014741488 -1.939805920056449473065640631830 
-0.003449726921562899090156761872 0.092530703197601080201017964555 
1.636717693659949901530126226135 0.169367329935436322640995854272 
0.300472592961873841144182506468 -0.241020655146696849424614583768 
-0.433879695666321785196828386688 0.725705898981820918258733854600 
0.269420370714244239440660066975 0.483879100606897927239202772398 
-1.654857625194064540963267972984 0.044586604384905137443695366528 
1.669602112383103520443228262593 -0.005342816824471342124214245928 
-0.968519452926065893549889551650 0.274171214296482168570889825787 
-0.312747265865473800250384783794 -0.044601423852711319373298692881 
0.896315920108334496241297983943 1.925982942561761390720675990451 
-1.554327458020385188675049903395 -0.769606595296889239854465358803 
1.162392027584874698575845286541 -1.936572698477786680371082184138 
0.579465816732085081675052151695 2.056032170485378340885063153110 
-0.302895171025779397222521538424 2.056941048790352333242026361404 
0.901882625237412027807692993520 0.026446501643802997755239303501 
0.638784880891176687356391994399 1.181766834988591474697727790044 
1.193918070065380421240774921898 -0.673225292938848918211647287535 
0.611932428097425096247263809346 -0.951069704668388693491465346597 
-1.036239141518931372587530859164 0.936083731746227387660042040807 
0.568221495964313594306815957680 -1.354781668188899557137006013363 
0.388328454914832310596040088058 -1.314988964519832048694070181227 
0.811582680790451482799596760742 0.637757862364293104384671551088 
0.157729374503187219636046734195 -0.148661305661264592226089575888 
0.586537209684848015456282155355 -0.383180583909066729830783515354 
0.598438676346182751863977955509 0.051367014947778115441234803029 
-0.700789227678769277574133411690 0.851608226251100330905785540381 
-2.068784843010757601433624586207 -1.117525401568268739183054094610 
1.005952646481692580593403363309 0.019368646006658215424911517744 
-0.696688012941607204275840103946 -0.174077700417674618993402191336 
-1.023812171948683458211348806799 -0.417254935248784819545875279800 
0.973832674159629596566389864165 1.163034028874798231356635369593 
-0.568341988406055320659504559444 1.180950997318965578486427148164 
-0.154286913407570697165382966887 0.517598471628451961557004779024 
-1.437527318041189161590409639757 0.831646531370969777086088470242 
-1.091138100645021369317078097083 -0.257237894138910960784016879188 
-0.483938769998782769565792705180 1.341137757100883565186677515157 
0.558683978306753425968622650544 0.072196882402925946498051246181 
-0.119910983760250541840797211535 -0.974508823094125120611863621889 
-1.933211363298110718744737823727 -0.049885380949982523202113071648 
-0.453158276403522852771033058161 1.610383388143605154496640352590 
0.612513831556081411733316599566 0.433783962231852615598626243809 
0.841985663616361623695638627396 -0.213159254118291063839762955467 
1.168582296512308937863622304576 -1.058455106899726105851300417271 
-0.411139428595395761689701430441 1.270429494692596916749494084797 
2.165364963017725852267858499545 0.733199106062990435539461486769 
1.916780944966967048515016358579 0.237391850112026625563288462217 
-0.222535928275399641496079539138 -0.655153653951602521487984631676 
-1.793687026562221120684625930153 -0.282961326017263148369096370516 
-0.761850820489136881796810030210 0.705724062445380551089613163640 
0.009008877127885242530602738498 -1.376731467947879705704394837085 
0.158580079094882614443307033980 -0.523108536651335498390835709870 
1.006216386283554697911313269287 -0.268010889106633398704104820354 
0.046986578303809943546465177633 -0.487089492571612214799614548610 
0.666025382311375202526448902063 1.913425322024844943413768305618 
-1.380176544331086274652875545144 1.141568066812144621735569671728 
2.031134556868332552426181791816 -0.125421607694484404937895760668 
0.685010619994500080665034147387 -1.225645382163461860614006582182 
0.713050720106159219291441786481 0.142984982905126178920340862533 
1.175012250452093232055972293892 1.085044630095782336454135474924 
1.405544062562292362272842183302 0.699552719425635682881647881004 
-0.061717546092505369548231186627 0.296922914172845553437696253241 
-1.033866432554837899715494131669 1.079099415260187599940877589688 
0.581355141743356229611094931897 0.485718252369562841774808248374 
-0.992226424682835839163885793823 0.661803692940050702908649782330 
-0.607350497808829548063158654259 0.496138728120916527863926148711 
-0.789678658181202197674508624914 0.100456813989971152634161910555 
2.301437376174505278214610370924 -1.597093997007900334494934213581 
0.487966801247962322918283462059 0.009464463867782123285277151581 
1.552497821307226688603009279177 0.734460794650424575458202980371 
-1.872802346935965145391378428030 0.140441246004855441187331166475 
-0.015404382859122735943691040461 -0.583140485288706322819507477107 
2.807552469434976050166596905910 0.738273446078792860980399836990 
1.441733287944654051671022898518 -0.219016920014391186510849252045 
0.629921957630695361629591388919 -0.060120247162747657287962255168 
-0.919616330634931866683245971217 0.249016081250842458150174252296 
1.257042033102733658012084561051 -0.388740275863449391557935541641 
-0.061424268284150929098075266666 0.307535736101105849904513434012 
-1.204726538086799969562434853287 -0.476497932098644771947704157355 
-0.673091333866785102024721254566 0.094655230776107726620161031406 
-1.238662539785848393236733500089 -1.684081243873634781138548532908 
0.446304376542400405014632269740 -0.508563897913158813324230322905 
-0.635226041615134295881262005423 -0.991154024234298325346514957346 
0.618856199857414468468164159276 -0.532449883375478161262606136006 
-0.226321138078018124772938790557 0.188077157842449771418813497803 
-1.089319699924401474433466319169 -1.779643364579099440447862434667 
1.022365314169193961646442403435 -1.130839809986017741039177053608 
-0.391755519198351775944644259653 1.246384570871540198311322455993 
-0.136014560534744727293698929316 -0.840113505567487761638290066912 
-0.727931900941091947210281887237 0.397588258566652807957098048064 
-0.697320484900957326956927317951 -2.009866213612141905286989640445 
1.361234163097546412402039095468 0.201297705425898088016367637465 
-2.209287482349634235134772097808 0.224451764784298402055640053732 
-1.300672190465370636758279943024 -0.843289925885330027277575482003 
0.403253356503922189002508957856 0.474983463991281440463865237689 
-1.137829446520099097028833057266 -1.649068857340346028195199323818 
0.410718854446732839491573940904 0.718984224077643507833101921278 
-0.174704892618364832079791426622 1.392490714428539888558589154854 
0.543944758133828920598773493111 0.930173215466548630736554059695 
-0.316623603602498582265667437241 0.149037138210723729692119832180 
-0.396288171732267491265133685374 0.485534146827420687309029290191 
-0.315907294632886304075469752206 -0.500209947334068205648804905650 
-0.676847000285847655298709923954 -0.244657758399509206448385612021 
0.497258789966026903961449079361 -0.683391964861160827737762701872 
0.333326273626082358880751144170 0.676361739019296970276684533019 
0.881035197476399911664657338406 0.217132410669558018057045956084 
-1.447679879305995509497506645857 0.279462255059868824869084846796 
0.843028267656714458411215673550 0.903672354581888215285800924903 
1.381136223586026057219555696065 -1.997317407257575005985472671455 
-1.378197796322580437333726877114 0.290417170065207119744599140176 
-0.161009566303072726434209016588 0.105111408098595010551790096542 
-0.725133536609058437782948658423 0.683690667951381225719842404942 
0.857982296615247941318216362561 0.598255128322305873567188427842 
-0.022711373707416351169774415553 0.770401879518738286201084974891 
1.602600772899287706607651671220 -0.985642217492030958680970798014 
2.013416026520358670381938281935 0.980739885990422166628377453890 
0.867603814361418423928284937574 -0.758753500735944941268940056034 
0.417075501418114447105267572624 -0.211839704044992221954046840438 
1.110838135720544794793340770411 -0.962990004357576867555223998352 
-0.624418794540859578567904009105 0.960391536838323012226226182975 
0.809423252771069967614891993435 -0.097358374190790200608525140069 
-0.130517040247803334240828121438 -2.997907402281360322859882217017 
-0.477197121132602819493229162617 -1.780033020689503642230988589290 
-0.083866077484608822500966596181 0.124635376762366037461937651187 
0.028417272281712604997672144691 1.139801535348448080497973933234 
-2.328985952306975359960006244364 1.496216410593235623949226464902 
-0.780699563894636572314311706577 -0.458910889607338112750056779987 
-0.222779656399140879585729635437 -0.229321319836529868840813151110 
-1.177613036067044260946090616926 0.651193768927709859539731951372 
-0.216879255046985103261292238130 -0.498358549022385244331445619537 
-0.681608458652145698941637874668 -0.199359731477547291733642964573 
0.313217188089331688427563449295 -0.136876261097840956626470187985 
0.756401054962936303383003178169 -0.532279662651159890529584117758 
-0.829803242040030197834710179450 -0.469329530285347129581197123116 
-0.707392959988528469139623666706 -0.838985863990736047135499120486 
-1.048973355471928270432613317098 -2.437813684523510548984859269694 
0.185902756630914295365997190856 -1.265927323261152537270390894264 
-1.443336723512060659757594294206 -0.906251305150171382329915559239 
0.050360010936991099483872602605 -0.015677085834080357190645216292 
-1.024397057206815953023237852904 -0.270465270456656081687896175936 
-0.660754695284077819827928124141 -0.379575255609039652338054793290 
-0.644895748537239632547368728410 -0.264809198811264634443318755075 
-0.847345864459815523161978489952 -0.054463484404629572410705407037 
1.155579477659724574323263368569 -0.453178928430268301852379408956 
0.065114702138979616008462869559 1.663071131546702829950845625717 
-0.783080717450548635660823038052 0.285744110200428225176949581510 
0.920743761641172331344762369554 0.669157711774645003188766168023 
-0.253520633073877843521870545374 -0.725206669503079881522467076138 
0.216861683312603858997391625962 -1.143477656445230250525924020621 
0.409761553052810034714070752671 -0.531223563919728025695121687022 
0.721732123094534605556304995844 1.062328936787023225818415994581 
0.126150314253122203256296529617 -0.691185939274257976627779953560 
-1.434286087915606300313697829552 -0.283506009578883777511038033481 
-2.253575337725659544219070085092 -1.200537094361331602598852441588 
1.166190417815720747896079956263 -0.409031004973862744034107663538 
-1.200978650040851025693200426758 -1.222437630152800824845371607807 
-0.801364849982085125645880907541 0.792098959771321609046879075322 
0.410568874254243654231544269351 -0.865180548699366336329319437937 
-0.001879420580907104022447273728 0.229334419597624766806731599900 
-2.771563301900426878887628845405 -0.456997901518154003852600908431 
-1.313868782736800966404189239256 -1.525999009526958216653724775824 
-0.538297454526543206476674185978 -1.305408971101252868507458515523 
0.004285508856940438253413372394 -0.297279469095263482181223935186 
2.660331446963298152041943467339 1.262471112881094370550272287801 
0.742532439206551209132101121213 0.154539582520426682643588378596 
0.478302783652839957895253064635 1.594754378716851217490102499141 
0.477752171867413200079255375385 -0.173227038015030948558958812100 
0.463012510738542215626978304499 1.361995049389964851371814802405 
2.210770130602442318235034690588 -0.359153747379437504605448339134 
-0.541688694809905557647766727314 0.234143257084711564619539103660 
-0.938769808292670981941796526371 0.718643619510458742105640794762 
-1.323128092513043529976357604028 1.016230697480025924051005858928 
1.885363910244701513008180882025 1.608374635697429777536626716028 
-1.959935978264902844969697071065 1.109203647227523070739607646829 
-0.597247736623494396290823260642 1.275217325168558346604186226614 
0.600002604960395924393878885894 -0.787877456968563705252961426595 
-0.076937051591351626744774705458 -0.767704259013014977952593653754 
0.516875121533447168253871950583 -1.075963714541661397916527675989 
0.206486046666888051204225007496 -0.893758714393404485321070751525 
-0.716858011028251418395029759267 -0.818910047792701156765815539984 
1.081417957937107265919962628686 -0.431793101708929427662297939605 
0.007218429639333456132588295873 -0.139956300405419120647110275968 
0.862422683307894732962495254469 -0.074565815715907188265809679706 
0.925937020064637295035936404020 -0.313639637937878912321565394450 
-0.195684023226388503768902182856 0.523990736275368296226417896833 
2.616609226195571569206776985084 0.240423687469220687118465207277 
-0.251968464923098822705327393123 0.686263713849141310241463997954 
0.832790394969081693155033008225 0.417271600521653573956371019449 
0.689438748523423683423061447684 -1.170367042601988760708309200709 
0.755396195123032243579075384332 0.725115275013662019532034719305 
-0.606572244058796616883455499192 0.639820077371730300264118795894 
-1.120624380405336850685671379324 -0.400661459998780167257592665919 
1.102500479815595291199770144885 0.556202999818188104086402745452 
0.979286154000880926240313328890 -0.122498505395177176291454657076 
0.274119732954313577444338534406 1.273885887796203819632978593290 
0.883806998358599993359518975922 -0.267394105217878652602792044490 
0.087502201582934313606187970436 0.776533172612505984133690617455 
