-0.323928224002160647376769020411 -0.242214878615388679028441742958 
-1.610635100368782879343143576989 1.304700600226345708065878170601 
0.569586196564928592955823205557 -0.795641651861231591347234370915 
0.548449642590407737685609390610 0.608428918602799684300919125235 
-1.540131123339943730599088667077 1.401602655734057067959952291858 
1.185190068002064167629328039766 0.413402032157870968909207931574 
-0.483831869292734029208702395408 -0.328829498529783548210758681307 
-0.344501636240742648009671711407 0.913268642169786537543529902905 
0.877602861099558095858697015501 0.224100380939588617046354102058 
0.595629219033532386617935117101 -0.773292118498478453503253149393 
0.846429937968377288370902533643 1.101488406932915387059779277479 
0.200808658889636643118947745279 -0.989680436608033509138238059677 
0.536626030672210374561359458312 0.376651290231335422742375840244 
0.433388211154924651857811568334 -0.162543192659637236729963660764 
1.122984422801470705266524419130 1.727386546284246593430111715861 
-0.516046880361447524165896538761 -1.345057134859238168189676798647 
0.623129921710824929981242803478 0.308815075003371575235178170260 
-1.342978872825083103137444595632 -0.504141238407823433220755759976 
-0.397398976245999069334402520326 -0.612113027803168563423241721466 
-0.868904918819373373040093611053 0.038595566337004616475070406523 
-0.102669089497338231198320102067 -0.967320216770664043082206262625 
-0.855433785140752522835327908979 1.173216800590972219708874035859 
1.131694074295655827455675535020 1.321921955691100603047516415245 
0.456429122958937949494639951808 -0.161616258337088286589633412405 
-0.371150328269184703877670017391 -0.186764063727788115487626896538 
0.117899553259029163387872074509 0.923028546205687083769930723065 
-0.042777630872652551430324052717 -0.733944062807031949446923135838 
-0.357987609897277736514809021173 0.378041505137838074190881343384 
-0.232741043794839397307327999442 0.724294622037711999240627847030 
-0.733030909922153584012960436667 0.446416985995867099390466137265 
-1.157568931902124287347533027059 -0.532754151261335184841527734534 
-0.059989313815538819474326714953 -1.308938489786810377424330908980 
1.533744849892976214178474947403 -0.681695508379687287181525334745 
-1.377288838642791501953865918040 0.849173810369394765906747579720 
-3.231297968221032768099121312844 -0.131906375808194975540743598685 
-0.584017114674834636467437576357 0.938577415761878697253450809512 
1.708058031541796806251909401908 -0.130590135052808309357175176046 
1.123873532713942635652415447112 0.109342013927599304712323657895 
0.177425360221095784751810242597 -0.229899684428726575058377079586 
-2.531410633072399107845740218181 -0.505299696284275290381060585787 
0.422674520233971395821725991482 0.245981427884857911658755824647 
0.477572112090824840713310095452 -0.018855409894922226660129993547 
0.736707728383200421973242555396 1.193827413417755112234885928046 
-0.170413582948996000787644788943 -0.546146670563440572720992349787 
1.729095363485869452091492348700 1.428560397699288442296960965905 
-0.419937250517049498466093382376 -1.379140684061109567437597434036 
-0.919745819274447762303736908507 0.411297653079242708784590831783 
0.649635881917000390650684948923 -0.268541837013733353245470425463 
0.816824755059692542147331550950 0.471812762927443785088144068141 
0.089204747396837855144546836073 -0.105156596021287407349831255488 
-0.394674180455307888060190180113 0.772522471165192903264085089177 
-1.207229545471159681824246945325 1.618613234464463257467059520422 
0.175844451512541161131153444330 -0.883135239114396175530430355138 
-1.209579117170130002634209631651 -0.245030461952195022234946009121 
-1.530640894421341879905185123789 0.080480271228522096138568997503 
-0.866044979712699558582755798852 0.545747624814723497621571368654 
1.523101852820377688502162527584 2.397396571588766622795674265944 
1.551857623399702568178781802999 -0.705160169648316625945483338000 
-0.050054389662191001164615045127 -0.082742320208847988660672001515 
-1.385876684291686089522954716813 1.623828736455525278969957980735 
2.461713190294257280754663952393 0.118060476111063114568189291731 
1.232829784380003346200282976497 0.673387054776424021085290405608 
0.468340435419276113204745115581 -0.696680740649238017248023879802 
-0.301540765382099951175121077540 0.646168167573121010605063929688 
-0.057473809762349302443507070848 -0.416772700432610943011013659998 
0.491154173569158802870049385092 -0.781054977849125142697062074149 
-0.768288346043010439423426305439 1.262825413699108167975282412954 
-0.560558013628251194937490708980 -0.409797670757635679184005539355 
-0.946156164260910315100261414045 0.732244156047840988321695476770 
-0.215352402078085869430168486360 0.743811732867919794820465995144 
-1.506847155958271455844510455790 -0.782150907986402743610199195246 
0.363796823825855097922499226115 0.431308420069854314693458263719 
-0.572902650210991182255781950516 -0.940432773197122817698812013987 
0.097261035288117997366086342481 -0.323167443092126527304230876325 
0.564967166258215414131882425863 -0.760070466225536311988264515094 
0.488968916408850040600242436994 -0.890555748229975741026009927737 
0.265157500964089909434306946423 0.286812909109394831297379369062 
0.833447548710536278981919622311 0.187808796551475476466208647253 
1.420840390214621828945951165224 0.375386743351542762070494063664 
-0.252006733068937616160098968976 -0.198381281049062635490898287571 
0.265765659316105018472597976142 0.691318807970065174473006663902 
-1.437801441204141772445268543379 1.685574928851829801246253737190 
0.296314123333507650759344187463 -1.251082892307313398916335245303 
0.796824201911116580809846254851 -0.847493826913081949037120921275 
-0.299777364628311893124390508092 -0.150327330277755133458583713946 
0.810067556279612133174339305697 -0.233234995299893249631750791195 
0.062364595528858784989623131878 0.481512334581152889878552514347 
0.072639195730573494214077356901 -1.429609333984095398406566346239 
-1.921095029448274038585964262893 -0.141678523100731007522412596700 
0.345833421957643549760064161092 -0.051344582647561046173656507108 
-1.849195528223426920888528002251 -0.192204876266819035812716265355 
0.393639824366224078122655782863 0.423212518628658440622558600808 
0.632793984770820383545242293621 0.119564414185203304885618535991 
0.078260713739437645641849883305 -0.516424145872646067623179533257 
0.407733185562658639877753330438 1.106140382887731643535289549618 
-0.389498123974039878181230278642 -0.603639626376334170743120921543 
-1.449804054660930541231778079236 0.086583909828263250219038127398 
1.896239752451109872311008075485 0.514205115214571462090020759206 
0.058413589873845650490835623714 -0.122861769653644634092692911054 
-0.001029651925820994871896285616 -1.130574234157598390027033019578 
0.280191948557402592534515406442 -0.424909307835788063734128172655 
1.589133579010643115836387551099 1.936811571277865295925835198432 
-0.264533620445005557275663932160 0.056627184211112749356864526362 
0.005480447810715418678617627535 0.530580475512731464249327473226 
1.473638861228705243533454449789 -0.697710243276297936709795521892 
-0.284138540077712442588619978778 1.316049338413238789513570736744 
-0.444788360997211695835318323589 -1.014305042351771435349405692250 
-1.029085627979153150235447355954 2.294801781650044336657856547390 
-1.139599948430485509831555646088 -1.031924038150752176434821194562 
-1.763513739576554772980898633250 0.017167783992782365692919555045 
-0.779996016580828732678298820247 1.116673399629145801981167096528 
1.768300442522328097538775182329 -0.634947640339193930536509924423 
-0.673357116006742750791147500422 0.523144530005241192860410137655 
1.134646625541284148397380704409 1.280808600068962910256686882349 
-1.574161511959356385403907552245 1.526462746123215419302709960903 
0.182073990919667111354485200536 0.877417833925050238974563399097 
-0.726630450163926466800035086635 0.565010178300141219231988998217 
1.152440155144392130992514466925 0.493251486004208705704598969533 
-0.716297094758470587194665313291 -2.400050537364279090724039633642 
0.166259794227945428835013785829 0.056276974335140020344603328795 
-0.016297997651911689392933979548 -0.911655500630087711755322743556 
-0.086982940739121897277819073224 -0.408720575800788465947732674977 
1.744807592403798679470128263347 0.066688197011609676168042426525 
-0.070711479760789869297710197316 -0.529237906860386297935860966390 
1.318857844070523199775379907805 0.879997526685060482698474970675 
1.377091578466832277882758717169 1.752987854925267541261746373493 
-0.402620800034019676871821502573 -1.525582951618575267005439854984 
-0.928633192479781044426090375055 -0.237769370437058702449917291233 
