-0.930452377247184769792909264652 -0.738375255918990336390095308161 
0.480516028072393963643804681851 0.595895815260449879247062199283 
-0.698939164729281192656173971045 0.778525417317170620457034146966 
1.369662976117339114878745931492 -0.534083156479419285389553806453 
-0.767423243472066141102061465062 0.529453768777675137791050019587 
1.130824536395119928045005508466 -0.192364291516053026454002861101 
-0.448421893498815449241590158636 0.193497206752562656006944052933 
1.259896190271739158106356626377 0.396171185491360655639425658592 
0.322008757435566839166796171412 -2.802823732931582156879812828265 
-0.290867746535971471999459936342 -0.409416483240852502323292583242 
0.557580420572590051975225833303 -1.056820764674846646613559641992 
-0.896276456773219099005700627458 -0.107520112826531163974230764779 
-0.941671463032027644679544664541 -0.520345770569060728227839263127 
-1.249153950945086632984271091118 -0.811804452187497083137657227780 
0.102163165550110235368919120447 -1.778369352904551004002087211120 
-0.186570169076067410296460025165 0.399467075399119242451462241661 
