-0.153392545869343338571511026203 -0.573433091838319697330916824285 
0.078167644165197905370412456705 -2.334857112919697108566197130131 
-1.260884963693151172847706220637 0.331521473302998859189472113940 
0.418098871791008463993932764424 0.367509337382976752905960893258 
-0.515673600731282433251578822819 0.391166871609940625109658185465 
-1.473048432991881373510523189907 -0.125956463032267068635761120277 
0.533639059151137518099972112395 -0.626406770965763470826459524687 
-1.129174993853489183948113350198 0.595884618777875796347132109076 
0.517550974318525924822154138383 0.121982060449815535307926950281 
-1.108404416709357409587255460792 -0.526956232438750671320804030984 
0.765671250961450056138346553780 -0.083952601071966101442534124999 
1.277340860030970137728445479297 -0.095137773984104528901539765684 
1.287751947347453240766412818630 -1.272079052063546322770548613335 
0.580269201118262079042153800401 -1.227765820240862115753088801284 
1.631198611761609962300667575619 0.111395127970126892047453281975 
-1.163636404111502820057921780972 1.806642245177981331849537127709 
-0.709033143294377832255293014896 -0.342265215026665570174913000301 
-1.129947715071567326816648346721 0.115621126245050179215390073750 
-0.595231991093528423064640264784 0.812325740729819778529474660900 
0.262318563542728089288402770762 -0.632877177330588569503788676229 
0.935372594276927316059300210327 2.098653429917005652782791003119 
0.423553576816608212673997968523 -1.726408538299272432681163991219 
0.131353561496469428693245617978 1.025750361010797639949032600271 
1.208384527369025462917306867894 -0.986629384380840135371215637861 
2.225561792926063819919590969221 -2.959178074496211952038038361934 
-0.188355868579606289259231743927 -0.859633938210388137690642906819 
-0.470120752629786142762213785318 -1.347729094465882182518612353306 
-0.614728095694817011640509463177 -1.034589872013478295542654450401 
0.330738259027987757665556500797 1.101709911915769168899714713916 
0.570939827291980561696504992142 0.121141233040486656635792428460 
-1.306133516152717000124994228827 -0.599581374582102477610590085533 
0.890795824077248998840161675616 -0.223249650299401913855490420246 
0.314505056884634592861971214006 -0.191875722368980317078523967211 
1.701847012969243566615773488593 -0.163148743670199075639359875822 
-0.508185644244853795825633824279 -1.080190904479677582727958906617 
-0.180355747904823920935157843815 0.551376229484059954266683689639 
-0.934375802468411453816088396707 1.318104830835305829594972237828 
0.190424910479372239135997801895 -0.262439701024041183163859614069 
-0.763490741282173313031478301127 -1.244033784849807977579416728986 
-0.961082806052770077798186321161 0.049378062378897892570339678286 
-0.676904997733588809083471460326 -0.588876590688227952163913414552 
0.330864976377407637997407618968 0.444614344411341899654388498675 
-1.889477227797216274396419066761 0.145616999011455056090014181791 
0.915602701760133586006418227043 1.171792576898422533204779938387 
0.988334913283711813392073963769 0.123828190444185110008490369182 
-0.267633891768974563341032535391 0.598835020764490022493475862575 
-1.532445123139277498580668179784 0.197437885959443587546857656889 
-1.217459412474410918036937800935 -0.805696758406362123494659499556 
-0.207524041317378615811861664042 0.829105680490213159394841113681 
0.434407671387582294819651451689 -1.741250852367807633314100712596 
-0.420173149711014271012743392930 0.369988017646289579776208711337 
0.764453918258359732540441200399 0.217105239976756209108188500068 
-0.354254254832979786904445518303 -1.228473864611569155158576904796 
-0.685234959554791411839858028543 0.243926421508066232357592184599 
-0.587803215772877307720989392692 -0.994423133675131465381014095328 
0.056595944489513508313116574300 -1.833562655300612798114912038727 
1.059978686162155847583221657260 -1.036018173554372756584029957594 
-0.457467562727957854917804070283 -0.268575579801174024741072798861 
-1.822400422931572894214014013414 -0.935728705602730137513844965724 
1.533123899334038808817126664508 0.114116111925232063817325922628 
1.460835657762134198733861012443 1.748641545947305475650068729010 
0.657114226632903197788948546076 0.056204119581098915814365568622 
-2.457048875785933450544007428107 -0.912526891431568620838277183793 
-1.228846732917928008532726380508 1.108145098288357610627485883015 
1.137594711487827092710745091608 -0.048377017335557513655341921321 
0.949106895751565260432869308715 -0.226324916694610717149416245775 
-1.502377219113878892287061717070 0.062274820002892750103740127088 
-0.862951107236473391459696813399 -0.560839322217373870138601432700 
1.239089004247237557621019732323 -0.023885805371285727394248254996 
-1.112424534150169730395418810076 0.778951588383557602668361141696 
-2.163218867527688882290703986655 0.548937925393381376260037995962 
-1.012748873616634348593379399972 -1.928123131347801999524449456658 
0.290425333934734741792027534757 -0.614970727640415049108923994936 
-0.583529885520821078870312703657 0.989911171906294407030202364695 
-0.193685095994250572326578208049 -1.051763345971332919148721884994 
-0.341254184366540369577336377915 0.085023402837073186466554375329 
-1.734690426050928602208500706183 -0.525221776669912321366950891388 
-1.490282318097271740953146945685 1.547700347133451392878100705275 
0.708838861377483975267921323393 -0.703947294036327608779401998618 
-0.546009995587986907139566028491 0.745300137476649915413418057142 
-0.177985569700725376751648809659 -0.243432361074545910994970654428 
-0.735768947641965542771913533215 1.979365731375646975109816594340 
-0.723629296411505862351987161674 1.611739418520975908322157010844 
-0.821350749517663292209590508719 0.669018994408508538285218492092 
0.396062627870251537931522989311 1.669955318853781456311935471604 
-0.163394136103782811053619639097 -0.711527015202416901473725374672 
1.212599814377903761908328306163 -0.751186831665904275467937623034 
1.687783011973693181317912603845 -0.791408816648528690151920272911 
-1.802943944319704838719076178677 0.594884486605577134099576142034 
-0.522892306476228307943188156059 0.150121258943974628108364299806 
0.817415398798766346111221992032 0.924819525144472520672422888310 
0.452387770137719247287577672978 1.371503486828999029967235401273 
1.694891806044732440739153389586 0.582394010924253469063671673212 
0.132786672218103390941124075653 0.755686052788922868472809568630 
1.596938254745870811035501901642 0.035902633427523845954798531466 
0.269738815509941276538086185610 -0.858797415651212037168704682699 
1.629545200433210938584238647309 -0.684729931716663076102236118459 
-0.646526341912056046190571123589 -0.660700065425449789557887925184 
-0.292826719520428657705934938349 1.221302779905324875642236293061 
0.277232737491026226539503340973 2.027905173319732412551275047008 
-0.294987549655633007894550701167 0.158684158256522073182637200262 
-0.303013042391057807467547036140 -0.556367962406366767247334337299 
1.536856907381665360290412536415 0.315123037432450070483014314959 
-1.007116003190098085795511906326 -2.145138460684079095841525486321 
2.084889106025705096669753402239 0.885246194220579485367750294245 
0.371506037006745559736486939073 0.216856552108894373720460180266 
-0.375874192281418995076336386774 -0.894802680152204099606194631633 
1.242304827803428324273227190133 0.225735257742417622095487672595 
1.085977815939178414694765706372 0.316966452439843948685194163772 
0.002229192291445624210521891939 0.094985830008781538258411103470 
-0.538857372681489810162247522385 0.710252958805446255041715630796 
0.581097824522823769299861851323 0.106747319597640000221616674025 
0.337370447115098059942539521217 1.049733773612687270926357996359 
0.045863762646119188293170054749 -0.701198442087528239774485427915 
-0.794430270184546372114198220515 0.155943738726892211499119866858 
-2.456832798520135252573481920990 -0.386883859223582149411413411144 
0.981508553903137515028731741040 -0.104476064846668659225059627715 
0.809783510073406098683790332871 -0.644321869383740808423510770808 
-0.570629917627352489795100609626 1.902024690741747070532596808334 
0.609692633182790988399801790365 1.540412670330133737550681871653 
-0.453208946164871340211988126612 0.493503092792007325151359964366 
0.177028527326809015374209366200 -0.638834520141622341782294824952 
1.623597243586605731735517110792 -0.208132545649859362901779036292 
0.676130537887758675807958752557 -0.815729561200183583835610079404 
0.140017041381230777918887042688 0.610917731014222531449320285901 
-1.403051492819812562373726905207 -0.849257458708221890653078389732 
2.365862445826822479943984944839 0.110028925836752292100051420221 
2.573482087586753230823433113983 -1.753585795008026693153624364641 
-2.106120178024333267075007825042 -0.519002430905128098181933182786 
-0.168214354274616173512413297431 1.588182284608086414223748761287 
1.402725771541278199094904266531 -0.404407817002132741190933984399 
0.425487166232741464977351597554 1.306326790772019519337732162967 
0.466055607302936325542219719864 -0.321999639593662401182427856838 
-0.299816446802357916556758254956 -0.781280949655451917301718367526 
-0.227324833149587263170232631637 1.240891211427091134211764256179 
1.856961659279890541895952082996 0.609376760369721548471488858922 
0.526123360435155396075401768030 1.196774428204943285791728158074 
-0.780131798580396607079023851838 0.135329646186771901383849581180 
1.993502029634040662031679858046 1.562727855214702810116023101727 
-0.050895415134397638257102158832 -0.497227442109974604456112956541 
-0.164095710367157338049892700838 0.632386084746969556746876151010 
-2.988565464549511663250314086326 -0.917026587064669218563039976289 
1.404890007453516442836871647160 -0.219925383577303235060895758579 
0.921904295676694296446385124000 2.102490016530198957411812443752 
0.003029966170687443602349553373 -0.364533206117305719207166703200 
2.288359615680440661833472404396 -0.401022534600458613329720947149 
0.818468793133494965097440854152 0.029082417384126854620340907331 
0.969657938296530574895371046296 -0.691791227921435880610090407572 
-1.206483881462876883716717202333 -1.322740370951852373337942481157 
0.576766945162096256183303921716 -0.491874119145388477569724727800 
-0.363871949004790418147337049959 -0.467867502751059038956782387686 
0.884331665245497777760874669184 -0.655545323956159164957568918908 
-1.043489513494975984286838865955 0.307798220476806549950055114095 
-0.267478457315912854230788298082 0.907867864491218035105646322336 
1.934017579099873707093593111495 0.556503364463785343829727025877 
-1.060729069099926924479859735584 -0.654429150973848794414777785278 
-0.147280948743515077703492011096 0.098956609338354692417816238503 
-1.050704933543071151191838907835 -0.205329801832123071125835167550 
0.389862658126154615345626552880 -0.086508418242883952653521362208 
-0.038795981920609359794305248670 -0.942320401253931239082817228336 
0.147092334874147606660343967633 -0.284466584721715987083001664359 
0.366576934944963628293379542811 -0.437506664192793215395482775421 
-0.581188998269609458091622400389 -0.507469632223296662765221753943 
-0.546045471478349586647027535946 -0.755923187346072888992409843922 
-0.538830846634562155017533768842 1.396969457067931408289496175712 
-1.504824590329109534891927069111 -0.224661590209417755259480031782 
-0.250954744172650345834796326017 -1.036924592708917902683651846019 
-0.286448244614623093173833012770 3.069423641789680079483559893561 
-0.344622675676950041001589397638 -0.818770525116341296723021514481 
0.315936026198463670855431928430 -0.712255982035639889637934629718 
-0.602418913535510580636866961868 -0.202569523589532396457002505485 
0.609832545369142775548709778377 -0.984311355125538689492259436520 
0.545751880092249619380595504481 0.450621124304145193040227468373 
-0.081035249742088297231212834504 -0.632291249883448425173071427707 
0.495655243669786249594011451336 0.599764571016061842634314871248 
-1.575953695356691497408974100836 1.845357784186469007892128502135 
-0.184369541005746928608033385899 -1.578360293037570860619211998710 
0.135695394636195176829573938448 1.094777927548507667765420592332 
-1.309861715767059786585946312698 -0.591594500863404260115885335836 
0.652505762117671417321673743572 -0.438086423102295452469689962527 
-0.949170800917635837379293661797 0.366152764373681272047633683542 
-1.435842072273418867922600838938 1.466679838808051972165458209929 
0.592737907310249889647479903942 -0.493988551528118435829384225144 
0.215546356151016887947591271768 0.049364423140861854455430091093 
-2.236477911989263933634219938540 0.109750705580849872156079527485 
0.905485820509033589864600344299 -0.998541292222448917392796374770 
0.580278492698113712577878686716 0.711098749528349394211090839235 
0.749598546358655304366891414247 -1.422464966986864087772346465499 
-0.744177524732280160080222231045 0.502537263642094167437335272552 
1.658942219337159684755533817224 1.073461592415382304110949007736 
1.124499918754777727514237994910 1.072522380425098731393518391997 
0.162155335350310847442045769640 -0.315705685002862113108790254046 
1.487001767610272473518762126332 1.654790284165582603392863347835 
-1.722089016746254142020688959747 -0.898096405162387978471372207423 
0.092817872614475785408849617397 -1.121102343466276796135616677930 
0.648354526498836181147567003791 -0.922850198920872499819267886778 
-1.768680903678965021796898327011 1.061467120203715808202105108649 
-2.490299067302394586675973187084 -0.046888619533581636644736789776 
0.451257115756525717387148688431 -2.424634472308857535693960016943 
-0.208922086317932770294092392760 -0.354621594061554468169106257847 
0.308007987159071960903133913234 0.566942070869287495504806884128 
0.118556493705939208771482640259 0.395139439701390371428857406499 
0.786577267905162802463792104390 1.543975184624894358975666364131 
1.756729986542015842232444811088 2.417610384811586854425513593014 
1.832978392587959248771767306607 0.836816937673342087222749796638 
-0.774698461927326831322204725438 -0.912334001436753805336365985568 
-0.733967473547859072802168611815 -0.025187697030071266868223034407 
0.644048663000903354181048143801 0.346167746088775263313408458998 
-1.129551836228779526649645958969 1.520306084904415211411787822726 
0.581013991492857484466583173344 0.531483869495017136053149897634 
0.590549829273496973414125932322 -0.407877591915567550007182262561 
-1.018749510047084250174975750269 0.217903250305095497196816722862 
-0.265693542286829176291007570399 -1.165562647392867967610641244391 
-0.498873035544938836505224344364 0.055968165253533395941953898500 
1.042332431521758140391398228530 -1.178695580540770171396047771850 
-0.795768665825620558074149357708 0.068475167576312861994480840622 
-1.893498233528685403825875255279 1.449418272747634572894526172604 
-1.223263438412456327597510608030 -0.814889838692012813403664495127 
2.659161569028079874499326251680 -0.468030970587106576186187112398 
0.664052970968018407837973882124 0.765053995845172640777320793859 
-1.931463988080849292217067159072 -0.950976657087807319967964758689 
-1.875032496170092821685670969600 0.692345674450752790463070596161 
0.073041360206322958337210593527 -1.658153171202284559271333819197 
-0.393151295516652010686442508813 -1.437910484568582170084027893608 
0.467590070240235411436202639379 0.214160168922762933485515191023 
-0.026239172860683945831539176652 0.364768453517081647774489283620 
-0.639650973105946207830641014880 0.644922805510013463781149312126 
-1.450640377121869217802441198728 0.709821837133815858322805070202 
-0.228912311824088027245593934822 2.118739436911518669859333385830 
-1.538379817449996522782385000028 1.364778756920679958497544248530 
0.736498008411988980270734828082 -0.238734578707676586839525612049 
0.543670063402834080612535672117 0.961136712282854133171383637091 
-0.304280596382700108115670900588 -2.056538350759115729715631459840 
0.141914316213789803988731819118 -0.330601759337320666443105210419 
2.628592615897997308849198816461 0.447047465832186241563306339231 
3.150653747079602329250747061451 1.223430719658970877716797076573 
0.720737771079078770597448055923 -0.479308837803222087536880735570 
-0.358076676136592386701096302204 -0.135655314148390659934051427626 
-0.070642329371254128367318969595 -0.213043486984887620039330613508 
-0.591940983725714797714090309455 -0.718812752159393997253289398941 
-0.499619008683463372566535554142 -1.416661534470895933424117174582 
-0.915738264227480058821129205171 -1.049494065419618538115287265100 
-1.689816883984731399337420043594 2.142574548528383804324448647094 
0.166002612239702057594925577177 0.154956709901871464429845559607 
-0.245750294977596511758477504372 0.503314394593804559363547923567 
0.735921226909967418627900315187 0.329900966066964618228496419761 
0.284534242829033445776332200694 0.091408836725941300382913823341 
0.951336821503774410224707480666 -0.997538380825547799091168599261 
1.394688927347948359525275918713 0.090476461067131003224162100196 
0.252089138439308746431066765581 -0.229082062285422771719112233768 
0.377394573431271362906613831001 0.418496957707451378016827447937 
-0.717110706041563017443252192606 -1.156803136892860850437614317343 
-0.792427590165872719474293717212 0.882472999780682387793717680324 
-1.182199123530828455130858856137 0.173336412074326817744918116659 
-0.657938719987486431151069155021 -1.065073121272872347375937351899 
-0.315605170910938537254253333231 -0.361695764380147444239099741026 
