-0.735556528165410838937532389536 -0.378362464165487633049878013480 
0.844662178873531233058713496575 1.264500803912243620530375665112 
-0.954419786797287339474848977261 0.029344552846827805236973318870 
0.239203379863136528227229860022 0.013131244071585598809370765139 
-1.426419322128345434919083345449 0.192297842583021738604998063238 
1.158813722342983298929652846709 0.900202029941536085999587157858 
0.047727708766638433923734652353 -0.652824730148884979641366044234 
-0.985083319830526771276879571815 0.152866939986641664495081727182 
-2.780156464009139849480334305554 -0.686381293329055286456252815697 
0.080979745342353526282863640517 0.548478068603696189420304563100 
0.071589646473072934829140478996 -0.949735288603758776027063959191 
-0.282652660978657377377487591730 -0.717229718928896753382673523447 
0.410419364609437398172531175078 -0.038600664447737596807197490989 
1.309174936009530387792665351299 0.625935397411717331372926764743 
-0.733803067036504774733884914895 -1.046979387287315432786272140220 
-0.727358423211264315533242097445 -0.487302334433053263573754065874 
-0.206815697571514328645392311046 -0.288733950176340514737205467100 
-1.047044922786897203081935003866 -1.389198761294310857650202706282 
-1.103187773091787171608757489594 -0.656719745830230627881007876567 
-0.463018213775728548764476499855 0.060862246324374924544287068784 
0.570139323089687621859411592595 -1.567222393576147343452475979575 
-1.011667490068481223275398406258 -1.534125053221864432018151092052 
0.484446309182046674912669459445 -1.301627866045528492122684838250 
-1.219603268465518919327905678074 1.694374132945748234746474736312 
-2.497731732987539920998187881196 0.919491040281944171930206266552 
0.695276408755981289999681393965 -1.225185007983328189240523897752 
-1.158137448813471248598716556444 1.182515676049580077844325387559 
0.879851545185344363630974839907 2.139999094983994432084273285000 
-1.365129494031116053065488813445 -0.117246103687043842778159330464 
0.057411960294562282280939058410 1.396170539142141064914426351606 
-0.451600932991859715937010832931 0.159318927197297316444846160266 
1.704461021006087317886112941778 -1.650194144607315394068791647442 
