-1.092069626985542774022519552091 -0.170698505524917554243558015514 
-1.010632327352020132238408223202 -0.430829617702261913336769794114 
0.136689224317770807726191151232 1.277391937603776561616086837603 
-0.828608452426952690750283636589 -0.523879649294127336389692572993 
-0.056539904992135688044374575156 0.770949090399711489673961750668 
0.309388973463437744193527123571 -1.588029673675464215065744610911 
0.658520572642353640979706597136 -0.015655511432129721322015214469 
0.327114176307580772906646870979 0.003976359032879694249684732199 
-0.406748812518735680665571408099 -1.611087229278768573337288216862 
0.005117091950474039578622420521 2.496486563541572056834638715372 
1.287776185991639898986704793060 1.226280526256633640613813440723 
-0.117800987510071827890634210689 -1.354258762930028670012916336418 
-1.453495653575588297812259952480 -1.033248667701972767218876469997 
1.499738601778992208579666112200 -0.521699411641575405695903100423 
1.411085818318478013466688025801 0.434302314457914950818206989425 
-0.826979045671657142513311100629 -0.264827225742478189474127248104 
0.996150193743718936900677363155 1.181522874632313424569929338759 
-0.054149841550716608373772231744 -0.201989327409890451203722250284 
0.793470515704746581775452796137 -0.038835286451451803135803686473 
0.753902831172626131106540015026 0.789511473406653063733529052115 
-1.680281289514029774423420349194 0.306218360737358030743138215257 
0.353102911748100267708139199385 -0.538261284695439989889109710930 
-0.989597384617530995143397376523 -0.640607001692021227334805644205 
0.208349023223082630007496618418 0.309568801206777266532554904188 
-0.620828728853752620508998916193 1.333189290140391447536671876151 
-2.237947543978770603700922947610 -0.243602994305475356595636071688 
1.822337729909113690496269555297 -0.147545636480382186261905985702 
-1.075423411861697431390894053038 2.342691252565469728352809397620 
0.850094675945011979401044754923 0.452144082849257167300294213419 
1.064367705446908285438212260487 -0.955482710123148448744245797570 
0.730224786211630338961242614459 -0.253609344701383299103270019259 
-0.270292221286008715885884612362 -0.923882782249666911766894372704 
-1.779365571980955129660628699639 -0.486430789974201360781336234140 
-0.051623306415736640306857196947 -1.097485072112282633582935886807 
-0.407673297030502701510101815074 0.002667722056021019829546991886 
0.742648176918246694100389504456 0.209827836901059217034060111473 
-0.977429635886014502865748454496 0.051501974302623848567250774977 
0.202444904336103098652088760900 0.145017207434531086862605775423 
1.073773883983527799301782579278 -2.060747156621558495714907621732 
-0.998098703699377365339273637801 0.664352875130790887503451358498 
1.652139201422577308164818532532 0.921301006161269642191768980410 
-0.553115892400870445833049870998 0.880197008171044403823657376051 
1.710011492416414036199512338499 0.484855703907604074220927259375 
1.050513266651004418150705532753 0.435747708333645622502672267728 
0.915321281665692598750183606171 0.625543507132404585924234652339 
2.526187008333354633293765800772 -0.133089582538233663910887116799 
-0.366203496408358863956067352774 -0.806277007717188243240968859027 
1.266223785217348796194869464671 -0.642716187666779958931329019833 
-1.935392546598754481834703256027 0.751862347645748663182985183084 
-2.163913463243757995257965376368 0.111187205653377599312570112033 
-0.338868727268161085142139654636 -1.580685700788216907497485408385 
-0.803949761600845191900077679747 -1.690200637708279218784923614294 
-0.771458818922012845575864048442 -0.555941203053349486395973144681 
-0.921545073121915470082399224339 -0.092267818032558693297495722163 
1.083080795866304235630650509847 -0.684661672485130434750999484095 
-1.402768456794100782047962638899 -1.282941917143061605344200870604 
-1.556844441898652231515143284923 -0.436487245140552981848003355481 
-1.870647285166835205316715473600 -0.221848153577370255096212758872 
1.485731987229020889529351734382 0.141520448746183080679372778832 
-1.092025303230821364763869496528 -0.100302744340983310267212402778 
0.307908097667479618841923638684 -1.280388287136793090681408102682 
0.921051337049787810506984442327 -0.792051710391441066150264305179 
-1.035132632991926593390985544829 0.359414105513620629750448642881 
1.025789986862398306399768443953 -0.681453505569968864818974907394 
-0.260343584305750219698438741034 0.859060256980939240811778745410 
-0.623325277855914072766552180838 -0.470208333829321034613712981809 
-2.005038408228966950730409735115 -0.634005645032588271980955596518 
0.732785396091962470954683794844 -1.785469581560684471099875736400 
0.917988969190410175613692445040 0.486226687733143925207457414217 
0.744476390550516842203876421991 0.701943480217672499676950792491 
-0.098288227789829415992350902798 0.753465158118663880237875218882 
0.609441820045996118793141249625 1.799278674633916441649716944085 
2.691027512760875595176912611350 -0.949750942138425924277100875770 
-0.656311001394462856239897519117 0.427477414633705476987302063208 
0.081891687071133423270197226884 -1.167825624669182271730960565037 
-0.650414896423770372280159790535 -1.401839496904771831253810887574 
-0.234202846454870244885526631151 -0.232803454495628781018012887216 
-0.397169686119346942998475924469 -0.295633997699758399591019042418 
0.187916903433444526516638006797 -0.442893706620896221437533313292 
-1.736509153635785507319155840378 -0.066458164745223147207298097783 
0.062123393327077822134718587677 0.039872592595208880550394781039 
-1.614840282879462574072704228456 0.693099586303871251224961724802 
0.873295791751632743959987692506 -0.253534339767840233292872653692 
-1.342431493758325045106971629139 -0.525205003647444268466415451257 
-0.900977080873912150593696424039 2.406017197396561169142614744487 
0.491305381111430850005206139031 -0.211816471647981729997667343923 
0.320611523560425937251494588054 1.694794517413752643619773152750 
0.914293563278989807052710148128 0.900823423365696207554265129147 
-0.691015661164436800767418844771 -0.964088673665228212961153531069 
0.808670499855421609503025592858 1.132121456507206636032947244530 
-0.713705264394858818199907091184 -0.801727937415471436644054392673 
-1.093257982582967358098358090501 0.453738435021870223362583374183 
-0.285589753998167494852822301254 0.795621719147601380583978425420 
-0.110533689646702432129998783239 0.085431940370279860208491129470 
0.092779056504717336006926586833 0.276245086685781404689521423279 
0.622495592124455043858688441105 0.599591173087555606713294764631 
-0.713218636838562569657540279877 1.714712630915127933306507657107 
0.335247279481476423423913502120 -0.231844839487312548431674485983 
0.525802855006941016746679906646 0.752349871470242903548353297083 
-1.366213034880134458148859266657 0.510594770970066558213318330672 
-0.723379977174910093751236672688 -0.928350576139463146141395100130 
-0.182404074061249449334454197924 1.250062250100371974426138876879 
-2.173941624496254387821636555600 -1.257313598370146445759587550128 
-1.755073316563131369250072566501 -1.406657505514010919611678218644 
-0.801064124566610913369402169337 -1.049702826148733558753178840561 
0.197120936181266664943834143742 0.738071502789951483514130359254 
0.108928939542731292866584169587 -0.134565120036455404539665892116 
-0.528369015737648495267819725996 0.787923336352132408499926441436 
-0.104790929085491882344349789946 0.669133162208561893535829767643 
-1.155920268110521620386066388164 -0.651117679725037423743572162493 
0.218734178082997998693315366836 1.140859005157585093215288907231 
0.842118974957654531365847105917 0.428046116554830324840708044576 
0.629330581603873673302018687536 -0.834439958850066498818875970755 
1.389983956285961053112032459467 0.543210436688299602714380398538 
1.249607851158591742546377645340 0.028803122464019951382008244423 
-0.746645533052556431563573369203 0.976617841452989465800271773332 
-0.408898895649136173702231644711 0.031589536103203641470571483296 
1.670106320226392160321893243236 1.203394918972916061150613131758 
0.225920064393563657656471832524 -0.579888475048514262510934713646 
0.734617695617743260427801033075 0.241533414082544750645098474706 
0.668034768311686955044592650665 0.117614399439172609418413628646 
0.370068913967048884749999615451 0.439744407288893190965950452664 
-0.132330550305961747170613307389 1.000338761534790732454780481930 
0.117890853368468606632291084679 -1.033578843070076525023637259437 
0.059117059553632327062455686928 -1.009072891196605370467409557023 
0.515798885477794510912019632087 1.395403891984422939387400219857 
-0.341227852353007177210741929230 0.876070236216803577278255943384 
1.502453242309298442336285006604 2.227447715271212214105389648466 
1.913056208412551972841697534022 1.681928165746742642738809081493 
-0.185087811229066673268661702423 -0.023223803646935037986454020142 
-0.522646803007254412420934386319 -0.388863224997378520431112747247 
1.106501140644973180116039657150 -0.544147051681711846349287498015 
-0.878447683244511723366088062903 -1.430726543380444804043349904532 
-1.519211285858136806226070802950 0.292651912069436803687239034844 
1.442957153808437587017010628188 -0.990537137965925684746082424681 
0.806901340011978440713846794097 -0.921325323833584119981310323055 
-1.179327392635086013683576311450 2.033127746430777094133190985303 
-0.367393893023387874130492036784 0.031737815798966957647753162064 
0.940456803215191317057985997963 1.049499674671072080300859852287 
-0.731341124564400035801270405500 -0.308578554209112065898068522074 
1.300989424771129998603669264412 1.820969364188250505520727529074 
0.218506031769249625673623427247 0.871488516835588700182313459663 
2.032631854485265510135150179849 1.521305939262309836479403202247 
-0.778671285822591596748054598720 -0.869411005046626050862812462583 
0.087376863580047883783841200511 -1.096853841343487845350068710104 
-0.194165507644189938574186271580 -0.098015256192642633004119545603 
0.394408658622238006419280509363 0.016788319394172468435044720536 
1.924794998985048133377517842746 0.289878147531996477326288186305 
0.510389294814944327605132912140 1.051227270084318599074890698830 
-0.315003676731647863640262130502 -0.606297784093780545155993877415 
-0.944062815125141230332417308091 -0.593531514247349956114874203195 
-1.147213266552292720845684925735 -0.643698788127778920298283082957 
-2.053217303621536427016280867974 1.030635760364156272572699890588 
-0.418989892769809746386755477943 1.136276267491854063962364307372 
-1.575186547230054356916184588044 1.520383375943513692973851902934 
1.511910361142849490434514336812 0.196250211238027438831466042757 
-0.183342145549716645236415502040 0.150691523216137157614724628729 
-0.294413672199150988628701952621 0.259889624585736722650608498952 
-1.711527949833329120821190372226 -0.996602165462503020165740963421 
0.833845810087254002418433174171 -0.760424924104531552160324281431 
-1.334814483701610265953263478877 0.600494676621534662075418964378 
-1.535263925436432641546957711398 -1.011271602476082609456398131442 
2.387094096090068617854740296025 -1.063922994865069027170534354809 
0.011423912674138520656486051053 -0.261020577585411750476396264276 
0.272554228633110906532266426439 -0.451181225626413051621454997075 
-1.122303033460912091712202709459 0.151313635515029770717276846881 
1.740082682343208508868315220752 -0.083291385973955675559032840738 
0.991968790830943691894105995743 1.419052044906008447355816315394 
-2.319921258489781923373129757238 0.061145869522145429586501563790 
0.104808938191062503419992424369 0.881561627672903913577329149120 
0.745450380064205608832139660080 -1.401374438890858442618991830386 
-1.159424629711587106939418845286 -0.373744771510095885602709131490 
1.186295223179600011320644625812 -0.257976076242598773013980917312 
0.144862909541307399718945703171 -0.245468024074886909113857313969 
0.139598058190854662496960258977 -0.958096182015338082571531685971 
-0.032968728481045990463815797966 0.538809250454940102947887226037 
-0.557885253445285722584401355562 0.207967815003985978528078248928 
-0.990220461356216663517670895089 0.056548912365420582470942889586 
-0.183997056016072607631528512684 -0.872152383618589710501112222119 
0.112542284355662908224005036573 0.193259721787725713415539985363 
-1.736839092374633741755474147794 0.407444995375310037299954046830 
0.794223299569517648954786182003 -0.803079698973812261542093438038 
0.260270236013829980858957924283 -0.444926100626787113245796945193 
-1.390075404981916840085887088208 0.793202048719635288698270869645 
-0.806600689075167909258823328855 -0.322412997261348588384777258398 
1.450464047421712532326409927919 -0.101244784797508508011887329303 
0.740093611587920419125907756097 0.251534933466842802740615070434 
-0.817499911068227280708242687979 -0.174009367514556118061719303114 
-0.545077902806108682831620626530 -0.549700271908784454666374585941 
-0.493273863993567707186826964971 0.546407602938798642178142017656 
-1.329991673884043157372047971876 -1.830056413682925375852050819958 
0.414252648555156754994754919608 0.968327592881872312169377892133 
-0.941529336738841426956980740215 0.703704170697406095058568098466 
-0.168131736617300048264311840285 -1.037967848092355760414307042083 
0.196771104934169632771912006319 0.951753446833455418740754794271 
0.208640425488092084993496655443 -1.804531360005880769037389654841 
-0.754555919436626032492654303496 0.664347091436692571697619769111 
1.753663588224766201051352254581 0.928767797025938368626896135538 
1.318381463711492340706854520249 -0.833419970180661939807009730430 
0.337987104271705252056534618532 -0.635464929213577334188300937967 
1.062666897435742718869278178317 -0.703556050050280434859928391234 
0.755100035711208095179358679161 -0.862787726458873582835451543360 
-1.587907281757410693501242349157 -1.136589706759120410595187422587 
-1.237988462801175471028614083480 -0.580081124489224442264401204739 
0.116634745363757244551727865201 0.399826221047512198047968468018 
-0.916735928694636270641638020606 -1.351309845324108360742343393213 
-0.957994545806448827285350944294 0.100745150529011784357180658844 
0.164994487722806199014868866470 -0.963996592625095183315409030911 
-0.376184935777908235898792099761 1.366123940535049596789463066671 
0.799189937101410174946636288951 1.003086571194456100286629407492 
-0.390391872230967051926597832789 -0.782321706455391785439701379801 
-0.419918383935734718104271223638 -1.015094908715605148685767744610 
-0.499084101660165646574540687652 -0.639873007989824715835425195110 
0.363255493011508279188603864895 0.129741745172697486854218595909 
0.065008100065957266644467438255 0.504989669972895849348049068794 
1.053521046477575273669913258345 -0.863871902179587314307696033211 
0.439613479390341899133431979863 -0.268847974514511200982980199115 
-0.151692772348429205653275175791 0.265774361678200010672412645363 
1.011496898136705846482641391049 0.690281138805281857528939326585 
-0.037175347171501602061560731727 -1.567077035127145245851920662972 
1.000083135383113885907846452028 0.282132840082958913363597730495 
1.894732289189746898827593213355 -0.690354268088468558950410169928 
-0.421981735394021173490841647435 0.796518224419578313444390005316 
-1.654665915682905552586134945159 -1.049152924792031038592199365667 
0.451606157245758588203443650855 -0.493559801453311797203582500515 
0.519148544607229589509245215595 1.155241644271463918869358167285 
1.922062691544498935769524905481 0.787697301245059433583151076164 
0.116689312450417859157170141771 0.132195802702508358184019243708 
1.003860120101622399602092627902 -0.010996909039975267044497719837 
-0.932006831815457070788966120745 -0.941513255383536251663656457822 
0.041456285036940120070081405856 0.700112599102650223770183401939 
-0.872445294493813805480897372036 -0.074975241127393149609403621980 
-0.923084382225312971570474473992 1.742588486618132481709153580596 
0.442261950644994905612605862189 -0.142299700154753822056719059219 
-0.936616575081215763098896331940 -0.654497457302507523735357608530 
1.244244159520138115482268403866 -0.378897759738017481101479688732 
-0.222834327762919587323509063026 0.095792230770493771996321186180 
0.062121312133415484968423925238 -1.251946721591441491483465142664 
-0.450678865558027497151272200426 0.995977053669630740806439916923 
0.586731266646587257262979164807 -2.500621098470711345385097956751 
-0.372837858543654976362091701958 0.612445641182949973568838686333 
-0.290221256749554346043851182912 0.389397974367233001835586492234 
0.246060118659590681966520264723 2.155774669483673910974630416604 
0.597952826891527067232345871162 0.452261858553095363877361023697 
0.702065133478217640039531488583 0.008808611279284429829150582236 
0.696171139414117456922781457251 -0.213455129956313716110827272132 
-0.406701436998318566207188951012 -0.041420671254949796569189146567 
-0.214815161924341774257740667053 0.010636386204297718777178616278 
-1.562230002836006992339434873429 -1.198951577769466370071427263611 
-0.923285121165800859444061643444 0.846729136209114274791431853373 
-0.685081088220751088790905214410 0.933966404731986443721325485967 
-0.041105736712652052311511852167 1.068170964122620247849226871040 
-0.832792502830940528646408438362 0.011515716675162017065825459383 
2.609585171107829282277634774800 0.110966459947321183232560315446 
0.117994934311751190070260975062 -0.195490620784909363560899464574 
0.452318650018602497198116907384 1.579149049407401639300019269285 
-0.374783847576971973492021561469 -0.670106646136978900685221560707 
-0.257034501053728381414487103029 -0.651363644423244680936591066711 
-1.554105388967087053586624278978 -1.904396310278777981750408798689 
-0.273495617914555788630082133750 0.669211429490617959459086705465 
0.028755469709703582875670591079 0.253190599313403208459050119927 
0.371293259626388427729892782736 0.420308422120195979143630893304 
0.225081161246442867929218323297 0.149179540567640989134901019497 
-0.853849986636967539510578717454 -0.254828218174097231862873513819 
-0.547427524292671718875169517560 -0.105241914852258741652768492258 
1.376140500861736892801445719670 -0.212534014219086769825750593554 
1.410994313537251354517820800538 -0.405639652388551208428424388330 
1.259285080277143142879481274576 -0.077085942687126207673031785816 
-0.979847801290645636917986394110 -0.761325186638347917167379819148 
0.914552181718622292372344873002 -0.226224573739290363283416240847 
0.490662757254050285737889680604 1.532196813304731453087015324854 
-1.434150179437909677915286010830 1.252099305268510098798628860095 
0.580109096113186395449190513318 -0.422391927873313699492996420304 
0.811889331804963587657653079077 0.493804090046434107641459831939 
0.593132759220817096235123244696 0.843021642987893060627868635493 
0.360247647569926610078283601979 1.223229186063261364481036252982 
0.240689960418649179230143886343 -0.579146804526371572485743399739 
0.294084756053630824723654768604 -0.885198404329057608741493368143 
-1.564276965778101713411274431564 0.202054382844659652374019742638 
0.898396862881486568674915815791 -0.860171300390093707122218802397 
-0.902159210775948849914129823446 0.915919151100469841608742171957 
2.138196663469632774479123327183 0.006221196476361605560978507157 
1.725346745467508213778273784555 0.555316298903922200835836520127 
0.826271729813093824823511113209 -0.957010968742030954103938711341 
0.517884953844168105518974698498 1.294461484173885512660717722611 
-0.036391423463252955960989254436 -1.167899146512842101230944535928 
0.915508898447653929331124800228 1.029046645112658087128920669784 
-0.350436336669171788482657348140 -0.464511803815731816325040881566 
-1.689455600456665207431683484174 0.269752159495374899123021350533 
-1.501243924987530009573788447597 1.641756233012002796911588120565 
0.752742414264008008473183508613 -0.566148360875807110659252430196 
-0.574034402276882738114238691196 0.345863484335787008117080176817 
-0.272473681371948661666948510174 0.002391295034621610145209036347 
-0.889136963841594241131360831787 -1.961664463471544106454302891507 
1.765385850454575411561108921887 0.692626209508775514400724659936 
-0.891652601460410587641547408566 1.299569664659191436939522645844 
-1.773439079883516455993230920285 0.226126611942661676080135180200 
-0.057612332158732772191545024043 0.398488398638579988109142959729 
0.189847607686530417403503179230 1.966603143595400560172947734827 
-0.457626205051051504479886489207 1.274756730985343367024142935406 
-0.467675397421179472878804972424 -0.845545604278443274637311333208 
1.539389021577475924473787927127 0.723619105807678630881696335564 
0.182376017725148664716527946439 -0.219037541626644682857261159370 
0.085460047349976586694708657888 0.582734020729436807961576505477 
-0.181482195429139347986335906171 -0.536336564725220843463660003181 
-0.884763160206703536125871778495 1.427306318157250508704692038009 
-0.226124367597642483840303384568 -2.264280977113622306262641359353 
0.049321255046334423755016729274 -0.093010983192234164551592812131 
-1.209685729213399119075234011689 -1.288332554155134035411833792750 
1.504574344492097148773268600053 -0.117250381067724146477715407855 
0.490512186326100774191871778385 0.462359205326660249735226670964 
-1.029166282044303271092644536111 1.062252747496199134502603556029 
0.341033671075954503137950268865 1.316918723793324863535758595390 
-0.278056041938876508101685658403 0.075622398120341716154513278525 
0.004360066427966570283547564912 -2.073515489155219881922675995156 
-0.861046334010350244980713796394 0.709305746462038255728543845180 
0.015481434449175515005725500828 -0.323918646537956378406164503758 
-0.102495824508188573820355316002 0.526499807150489718132746475021 
-0.396784468355854735843735170420 0.446601052248806029698613428991 
-0.630078373852201889526725153701 0.671579895202477406002117277239 
-1.377860144166137779109249095200 0.270796637855441280073875987000 
-1.028285955648377880677912799001 -0.445707535625293693737347666683 
-0.810453952354311835115652229433 -0.460143813722846684033385145085 
0.910490600257622073598895440227 1.998365104515342549618139855738 
0.661365190627948518198309102445 -1.956305047046542844313421483093 
0.304679107979701158104290925621 -0.352061843508935046198615737012 
-1.298666703065821215190567272657 -0.501475299896442128222417977668 
-0.435293430108915690990301072816 0.212070033825237924673956513288 
0.673689100677838270669894882303 0.204167970918785413036999898395 
-0.618088856730426572383407801681 1.866075344212545283895110515004 
1.150736237385311833136825043766 -0.685311045552293274241151266324 
0.135000825333510959813665408547 0.254060162687111790180694015362 
-1.063788370318996756580531837244 0.358399199631811160582373076977 
-0.421247826909606326584167845795 -1.488067598059400031829113686399 
-1.307747013847852413093164614111 -0.247131790296999637179808928522 
1.188091315959335592111756341183 0.157306173490262823921881363276 
1.178714294315101218657559911662 -1.117457209855499788986321618722 
-1.036413284993459305027840855473 -1.055310457940410007182663321146 
0.882819090439287967875259255379 -1.006856351730235354935416580702 
-1.002802786672905455134241492487 -0.466023909125384772078604100898 
0.981255009284187740270510857954 0.537966688877595244910878591327 
0.093153663293619501373221680751 -1.184018055344670194983791589038 
0.707591573698820086590899336443 0.390174662423028006941194689716 
-0.495314659957422354086276072849 0.489236329881600373603589559934 
-1.957161790552667479659021410043 -0.882130202845988087290152179776 
0.656155591502796453617918359669 0.329689117612357973641223907180 
0.114795221242156270102796611354 0.562960168517362413709292923159 
0.284553098921374203467138386259 1.512954032263150061510259547504 
0.415754235788258319495014347922 -1.753320281486263176873308111681 
-0.965714927752386986803401214274 -0.221883602156178333375535771665 
0.018144838721739730419413305640 -1.192882398214395012203681289975 
0.655581046373031939289433012163 0.872850993414971410011560237763 
-0.339379713914135849872621975010 -2.066751747656547344433874968672 
-2.476093635915931123747668607393 -0.856702118147053104380006516294 
1.190775448146346171540699288016 -0.995213712624264390527173418377 
0.060568132809541437577838252082 0.856735454185726608145046157006 
-0.480221695317629038157747345394 -0.866089191860546891987837625493 
-0.343796400448276695538396552365 0.192889230096245811729716024274 
0.422246684596681354229019689228 0.656640632537667912060896924231 
-0.915293924814035264603262476157 -0.147365842131762653233195692337 
0.926353250446227183267922100640 -2.026896583935403395315688612754 
1.594663277249273924951467051869 -0.413474684586216723047868981666 
0.704826956489867817445826858602 1.252792954715853834812833156320 
1.765311473691468791002989746630 0.889114476405274523074240278220 
0.890863398094009606431598058407 -1.028012884584244668317865034624 
-1.076593474202065303657604999898 0.097103184667592074008624081216 
-1.093555726397976490815722172556 -1.001893611633678737860009277938 
1.043360129546979209180790348910 0.194965333387458250591350861214 
0.111160301595612936997881092793 1.730993928372101864354704048310 
1.670391907201522752046685127425 0.522145290359443903227543160028 
0.066553386450444035338236403732 -0.474975967223597750344055157257 
1.337937107579638018606260629895 0.585709822896341214537585528888 
0.848678727188792891844570931426 0.516323737215652833754120365484 
-0.939404118879240912498573834455 2.162114812939174957051591263735 
-1.669733245003449217946922544797 -1.172834374130871548658205938409 
0.163120137820951860430085389453 0.895855847722138554090065554192 
1.368944464752239742466599636828 -0.381973860497725081764031074272 
-1.380411269731965040463705918228 -1.205208666856852683935130698956 
-0.308303201657954828451835282976 -1.163398146654881060158004402183 
-0.349745400379405879665029033276 1.845764663380285108829070850334 
1.610525585632246459155680895492 -1.683802627141113283926188159967 
0.920076979753678969586871971842 -0.351547168718410296683885007951 
1.431001451359645848526724876137 -0.473957207536995217544983916014 
-0.268728579875932016562956050620 1.218036515331215818846999354719 
1.951957384667597938943117696908 0.516915210023553006735141934769 
-0.612790316697148229607705616218 1.750730784375244875050725568144 
0.272734858491753939802038075868 -0.858690854153364879763898898091 
-0.125986067538450846603481636521 -0.055641781285439673165882368266 
-0.493841961269167351034070634341 -1.126736550019181049009375783498 
1.342836370693026193379182586796 1.247332638825681794259025991778 
0.104892975216160685980604228007 2.233663724327589861218257283326 
1.347010166852972590234571725887 1.169823204918942316510310774902 
1.269083538741700545315893577936 -0.502027522541805160116723527608 
-0.675543022890407685032698736904 0.030873097702181953594369190341 
-1.328359941386757059333945107937 -0.142271852814358890082502284713 
-0.780409567760706246453139556252 0.444682949412839811920150623337 
-0.249816955268631235576037852297 -1.083862226371603343366700755723 
-0.122120825557501658242820496980 2.251596621223065586292477746611 
0.024351829215496612057734182599 0.703760093107113071653202496236 
-1.646444422395460405184053342964 0.302407394317585787035795874544 
-0.146230563202544544543215465637 -0.826545185385462954918978084606 
0.289606072194335872893589112209 0.404206846564293509338483545434 
1.061268097447511715714085767104 0.648829441352479441285083794355 
0.929204161846635012800277308997 -0.409241663397018728964837919193 
0.926316274203865308578542681062 -0.015919479290920940384168602577 
0.478036236021737004353582278782 -1.514294730735533223153765902680 
-0.239403555717343285991205448227 -0.714751225425388492240585947002 
-0.831315237825219988110347912880 0.102318294975072124342041490763 
0.384897642513179372159015656507 -0.536820286143929625843895792059 
0.245738553229365053187649436950 -0.499952798998675340680364342916 
0.976362026514363989804223820101 1.579012541384305245983910026553 
-1.024438447344393710025656218932 -0.733000366506967870883215709910 
1.431780760378154715439791289100 0.144710556390451688946185981877 
-1.373651899600188963646019146836 -0.631848756147645129743750658236 
-1.631486139070440266607420198852 0.087567594219487412954272542720 
0.618384052412654816599513196707 -1.415054440688450654306507203728 
1.609538675702148591284412759705 -2.477681595792487367901912875823 
-0.322125472973422255495989929841 2.757602771383363737811578175751 
0.583280519811500197668863165745 -0.738210821918593107504591444012 
-0.081689218133373459052037901529 0.030633155896677498331026612277 
-1.673834748389233961773925329908 1.340171937468821905525828697137 
0.579214028414742898576150764711 0.022355027937717944497286737260 
0.684700193250176059045486454124 -0.423026828329344461998573478922 
-0.665176134644737904189071286964 -0.054269846278476259471279519175 
0.922955845462562596281941296184 -1.114201901380578396683063147066 
-0.100407604298030930789487058519 1.418641444171646837091316228907 
1.688450638790138791378581117897 -0.816545391569413192556226022134 
0.330647028821370148055081017446 0.056215656500876322321236244761 
0.071520474395763575237161546738 -0.479132854547200504047310687383 
0.616184832675316873640269932366 0.516397354511556772038716189854 
-1.174155227708030935218630474992 -0.993439242052714721609163461835 
0.541422605489625508035089751502 0.835470624458742427975721511757 
1.388984354638658880176649290661 -2.115653438869288471835261589149 
0.518176068814383383731581034226 -0.335361845480867393209933879916 
1.592846735014445291866991283314 2.545876784837389550375519320369 
0.022539652979848501246351588634 -1.097314583967901047145687698503 
1.095175449878296181083214833052 0.621922258268208349996086781175 
2.167646297320422466015088502900 -0.743446363860212344754074820230 
-0.323819398000885605437559888742 -0.303771596458958403896843947223 
-1.661081333873105636556033459783 -0.413884413362271386116475468953 
2.729878660920431077130388075602 0.874849864286943335045521052962 
0.589963962590640655925255941838 -0.398463589280245888968323697554 
0.311675485158412923780701930809 -1.921910462348807913102177735709 
-0.331144780429774299168599327459 -1.078593979135462621599117483129 
-0.145956386830364132078940997417 1.721470794295747674951257977227 
-0.309500698523825168440026800454 1.316844979628341238964139847667 
1.154489895053654624490491187316 0.377044359399142825495232500543 
-0.405234778365716530323936694913 1.804965047499763164395858439093 
2.386403897018146036401731180376 -0.139403191228089445852234007361 
-1.500438053183188680250736979360 1.345436358139061594485497153073 
-0.743825178855594182358856869541 -1.563593884112105980577211994387 
0.097706752187407028276133758027 -0.994594965533801556034632085357 
1.837919729220909292877195184701 0.028738658980631319461718220509 
1.650327265564660583763156864734 -0.906128733863749258325981372764 
2.169350786198726233067191060400 0.026002809624543397892804108551 
-0.444099430362330516164348637176 -0.448778030507050396114010482052 
0.165923094834689810461725301138 -0.733718525987369196705856211338 
1.178236454909685537728591953055 -0.172577095377828837463596300950 
0.091576053860748393709023673637 -0.278690126918677616441044619933 
0.161680973204852168612077889520 -0.811514418458753272744843343389 
-1.246528944273641359430371267081 0.120676816685909099602369565218 
0.278960342204339961647008294676 -0.970480748752910238330571246479 
0.152636921398789815462748720165 0.334258838259453350261196646898 
0.476051148195792084294453161419 0.099335234164536947987222959000 
0.092841971863281747001650501261 1.972050170457613660346396500245 
-0.254427296194176588706170605292 -0.001192089363767585190670428297 
0.119154089322099296377466259855 1.450015952929264662074615443998 
0.707552195958235818906700842490 1.193077880261447232257410178136 
-0.378922895060924358467957517860 0.337416183872132680043876007403 
-1.228794696676885012109892159060 -1.691569671540797736852823618392 
1.487346041530703599775620205037 -1.249124544059176056265414445079 
-0.508567114229102945621718845359 1.370985604400128510249601276882 
0.218573674843703963377450349981 0.485371938685739967578314235652 
0.555416438126211220449590655335 -1.607610192509295377050193565083 
0.595974232901602340994884343672 -0.041542105662700563872835601842 
-1.160791228837963595665883076435 -0.093473720918147595870806298990 
-1.971085762369022775786220336158 -0.368067461760396730241495788505 
-0.483707558216740718393111819751 -2.121943113841310513123517011991 
-0.574763522947578708865989938204 1.821658854366523971890501343296 
0.994013611355488824194992503180 0.157551793941437173751651812381 
-0.072189708083761988666182674024 0.432304292925969890770687698023 
0.691381523307050938065287937206 -1.253217882913397973609903601755 
-0.604013458854408491482956833352 0.351276279164935978371886449168 
-0.476416568676126750414567823100 -0.458630822910073787657125876649 
-0.038730134037521943279891445400 -0.871582389337203888857175115845 
-1.612463459070011317919579596492 0.266011719843772198590414745922 
0.628729075554460337116324808449 -0.570524486947714071227721888135 
-0.803157612684450072926267694129 -0.698456354515482269462722797471 
-0.518282564637329468126836218289 0.495608657383805550900035541417 
-1.040417537387617885613622092933 1.005431550509836569062827038579 
1.338362437500991042327314062277 -0.046945535834066853819734888020 
0.412743874202067762002599238258 0.285990031818804835150871213045 
-0.375914756315513520767979116499 -1.288616602329524685188744115294 
-1.902575968232355529963228946144 -0.846187674643150367082000684604 
1.262159294510297513625118881464 -0.936928868932309977246575272147 
0.232548821997794696869732433697 0.152612620843320972996437490110 
-1.444555739934920257638850671356 1.497475962139682703622156623169 
-1.765832641808832814689367296523 -0.468078976391762713316069266511 
-0.564814020032103236701459536562 -0.451266691786483042925226527586 
-0.348321457116295529754523840893 -0.711877056583904876951862661372 
-1.217562717804748340100218229054 1.202516531866676396944626503682 
0.665713304394278670983453594090 -0.861634372485104660377430718654 
0.415731480047284773782223510352 0.377545525608632359659821986497 
-1.541857645356993877783224888844 -0.050689430879975322374875190690 
-0.059988981076569782013852005775 -0.667706973588945706943320601567 
-0.075672479137781717417610138909 -0.423675678273088551772929122308 
0.207958607600487982436376910300 0.496367934418937506446667384807 
-0.526815482247830035866797970812 3.302468006285465662585920654237 
0.168282492227607938239941631764 -0.624291031246176464364339153690 
0.993144912429690940314230829244 -0.808463267510445393604356922879 
-0.965671001070061985060988263285 0.703138869146159528611406130949 
2.177509954728408470003842012375 0.597615350994709304544016958971 
