1.191260234878034118821688025491 0.809872486034060035109405362164 
0.242766931857558876384217683153 -0.398380507715576148708436221568 
-0.772957634976917828950604416605 -0.685102559567109525850980844552 
-0.801213098599246942299600959814 1.017683027735740486363624768273 
-0.462029820987154116185280372520 -1.410995771004092347311598132364 
-1.089800495271160629684459308919 1.635372328429787192050071098492 
1.886446060632269494661272801750 0.481188035932995417098823054403 
-0.144345427185014224535919424852 0.540988953795866756024679489201 
1.353878048716314008714789451915 1.283622266856967675252576555067 
0.750341607570520263692515072762 -1.068855391061606541214246135496 
-1.338560154903076560017893825716 0.718884739059491351120811941655 
1.101635703623493833802626795659 -0.667202760413720841192741772829 
-0.329657706963914942654980677617 -1.665510594226153884278573968913 
-0.102106248058493637165256018307 -0.450482190155318928947991707901 
-0.058725011754177922074227069515 -0.609191741308548584399318315263 
0.855160627784315341415322109242 0.932767986946504534806479114195 
-1.927283179827016912355475142249 -0.505769724142988930104536393628 
0.532146665265492702090455168218 0.639679889241920873743652009580 
-0.941587574065060661787640583498 -0.724638345800721506151376161142 
0.295486907905809226271287570853 -0.299285146008789582072751045416 
-0.150180468142966982991737268094 0.458754784171136908987875813182 
1.566962371013108201722729972971 -0.263901369196191726285150025433 
0.292783471019226970710747082194 -0.541287707584529820259433563479 
-0.051742964082681239257333061232 0.609481659124160524143576367351 
-0.522885074865787835562969121384 0.403526358816008179353218565666 
0.962730466846249188783701811190 0.272001884422221340553704749254 
-0.434257579748920652384924778744 0.922664183491221479016530793160 
-0.845627967634288935094843964180 1.102778320428321245927349991689 
-0.584154167098157262039137549436 -1.133704719249502002043072934612 
-1.321578604092689790405756866676 -1.759605524600862613837648495974 
1.382639479602160825777446007123 2.075850977459091417642866872484 
1.021233679023186180501170383650 0.102132180651198556375902626314 
0.172158515289257657565613612860 0.470611550372870890424081835590 
-0.088335986644968042535985830455 -1.968092673632176436981922051928 
-1.284268441295910445631989205140 -0.607471830809295121333946099185 
-0.033403232605687477319023059863 0.131260650372731907387091609962 
1.566540857395517294392561780114 0.461295187574701281985056766644 
-0.505067814149032456860766160389 -1.681690083249108846885633283819 
0.231483506488612267304461056483 -0.227962130102714904955618635540 
-0.719848056745860720440077784588 -1.154766917129697700872270615946 
0.556745150066927596554933188600 -1.176070323172448528481481844210 
-0.708776246755881356165218676324 -0.775424493511870260853413583391 
2.068000752294455679702878114767 2.230881807919709469700819681748 
0.074453646397701245263078817516 0.331154931149661380107573904752 
0.063359754723225317207813134246 0.323119076010070338522695010397 
0.619712290935210186049175717926 -0.126739138553531166531129770192 
-0.524804509684284936632536755496 -0.649519131416025019554183472792 
-0.313830855575119305189701890413 -1.491472772487384856887615569576 
-1.661609241620818577800378079701 -0.396249795879098642981119837714 
-0.744226571848879525639119947300 -0.008438301331485055165049224968 
-0.577229899369589349866771499364 0.314136028942857137291611024921 
-0.807197939021890964461647399730 -0.448062539913190671647669205413 
0.400248409504962709970499190604 0.489505183181273229031660321198 
0.020118707821132252033802245705 0.035617725750338252721505227782 
-0.128734158247614249859225310502 -0.572799630570729134682039784821 
-3.185892790972264076998499149340 -0.460192210384764210928665306710 
-0.283104010037115827458364947233 -0.595501115104107969777658126986 
-0.275383553579694961843671308088 0.197384957845774672291483398112 
-0.636337120352227558761626369233 -0.151696361090047443509476465806 
0.868757144878743892135730675363 0.103641733094503321610524437801 
1.533510578633948906457362681977 -0.429838777578831043868490269233 
1.122297165556494835669809617684 0.554270601282417119115564219101 
0.053553372188625929239957912387 0.467820989516930241247649746583 
-2.348602962500426105663109410671 -1.830934080341331204877519667207 
