31.501936997215779001635382883251 -25.101678942012874529154942138121 
-19.721042626899091487757686991245 1.285586199798164130925215431489 
-15.736388191310162198988109594211 20.372427368428120075805054511875 
-13.878214713623682641241430246737 -12.580991816011065864699958183337 
67.922974018945325269669410772622 -52.827643633765944741753628477454 
29.964007627879947648352754185908 57.950178816225289324393088463694 
46.340529590501731149743136484176 -19.388427977230087151383486343548 
-23.873656148493363815532575245015 12.618464622409092612542735878378 
-38.471800359772117872125818394125 -0.064119232293466943417570291786 
64.889498289136781750130467116833 46.829056544855980348529556067660 
28.908832731564693574455304769799 36.350515047920943345616251463071 
-4.470353031552427580663788830861 23.826512866481401431428821524605 
-18.518429508460759080890056793578 0.755131257989713589040547958575 
55.523190266399517156514775706455 20.650133138667513321706792339683 
19.755065175318748060817597433925 42.097318069367616999443271197379 
-10.646834058997919569833356945310 -15.040909177191769785508768109139 
33.714545032625224507683014962822 41.078663110737899444302456686273 
4.000626088206459485263621900231 -16.557254482722512989312235731632 
-34.197951584997838381241308525205 -15.057164599033121987758931936696 
8.976700607730979442067109630443 -11.417456624878052906524317222647 
4.409743251455754631251693353988 14.775607641310937623302379506640 
57.943286567762115168989112135023 2.473116703698430285385256865993 
43.106461678431628570251632481813 -53.164490226515930260120512684807 
33.011592873343140297492936952040 -8.993099234976527966978210315574 
19.313329286438047915908100549132 17.483356306473787356026150519028 
22.191335164665922263793618185446 2.345794765299981321504674269818 
-22.974688184308668326139013515785 -23.421466665161666753647295990959 
26.399436589539455155772884609178 -15.185258525671734730622119968757 
13.394196687466873640914855059236 -26.279364237820779237608803668991 
9.484255547709111056065012235194 -10.860571002872335455435859330464 
-13.336741464071154794623907946516 27.710413925478057706186518771574 
-9.697499997456279885454932809807 -22.992139263677628946425102185458 
33.515080498286124566220678389072 0.985849133988573100850771879777 
20.152455769705298394001147244126 -46.206426915281042511196574196219 
-46.005084437964633536921610357240 -37.498814090516461305924167390913 
-31.375985811652856938280820031650 -27.434656307406257269576599355787 
30.471331374759529353468678891659 0.059346217631851772011941648088 
1.819453224892729537032209918834 25.219022909842514934553037164733 
-12.770128670077813382022213772871 14.021797349172155477958767733071 
13.500756712972105333392391912639 -59.384557324714421611133730039001 
-83.352744454560252052033320069313 35.204494942104119559189712163061 
-40.580222480250753847030864562839 24.425589427171846779174302355386 
20.952568076768649518726306268945 55.650695765050926411277032457292 
-52.805747359860873757497756741941 18.767595505598603011776503990404 
-67.289961513439706664030381944031 40.570232919896270118442771490663 
-61.056387339629935695484164170921 4.014966411460271444866521051154 
12.385706089895666792699557845481 -7.023549330720904038116714218631 
-31.203522075817296865807293215767 -16.164523837588291144129470922053 
-52.773525713125351899179804604501 -5.129229953406783337754859530833 
-65.639932155832482862933829892427 5.978547252409832424291380448267 
34.580271336066324749936029547825 -17.198707072489916924951103283092 
3.079924793235299773641600040719 -53.255713014046854425487254047766 
-65.942165350761271724877587985247 40.928171790303416344158904394135 
-3.311849713259597649539500707760 34.303347729236591590051830280572 
-6.775040254453688959301871364005 -76.250664959141545296006370335817 
43.819026956563121188992226962000 -45.602036142366550564020144520327 
-34.577652039181167253900639479980 50.468211702910437566060863900930 
20.086596314905172278031386667863 7.472454880710341029725896078162 
0.743936014368472342539462260902 -32.092214615662925325523247011006 
81.348034187730817734518495853990 -17.380233992695647060600094846450 
32.795707819105061275877233128995 22.209149525679759307195126893930 
40.121647302040251759081002091989 -16.296064525694895053220534464344 
-36.970428680707087210066674742848 -72.549032811211702664877520874143 
-25.834602706778042602309142239392 -31.085302048815812270277092466131 
17.896877629797614872586564160883 20.536629631204633028573880437762 
61.080869917470522523217368870974 -32.823694437001478263482567854226 
7.653775723693953203508044680348 21.509901431410707317581909592263 
23.338583972150615863938583061099 21.140394046556572504869109252468 
27.347824917568807734369329409674 -13.930780400266726815061701927334 
-25.529515689593964111736568156630 26.382447782125517221629706909880 
-13.816787935878313220428026397713 41.333372672344026454993581864983 
-20.704239335574058600286662112921 -35.469840848219476470148947555572 
28.412682291019290659050966496579 -23.637338476338843662460931227542 
46.363894942910121699242154136300 60.124872473799840122410387266427 
-7.381593969424727674777386710048 57.877251853366885825380450114608 
19.302925552642765438804417499341 -1.016951862463493228005972923711 
8.834993199502704896985960658640 25.406365528774038864412432303652 
-51.774421233965554733913450036198 -15.902039690876790700713172554970 
17.421723217840565212100045755506 30.500861241271621793202939443290 
-42.715450668992581029215216403827 18.984891481499353460549173178151 
28.348366506829492550423310603946 -37.435968413308543745188217144459 
46.211935645254392568404000485316 5.401834968652794444210485380609 
63.498946401283440366114518838003 24.803261499910867371454514795914 
-88.641228873268460120016243308783 -33.725311635051696157461265102029 
26.720450219667359448294519097544 37.167701405337489006797113688663 
-28.829620269328486870108463335782 -35.661454924133309418721182737499 
15.809205192140076690066052833572 -23.933626196269962349560955772176 
-22.683843908734509398072987096384 -23.388019789338152065738540841267 
-20.900590948744508068557479418814 26.715674510836230126642476534471 
-33.121952010755521200735529419035 -25.448451304916378745701877051033 
35.183300669258720461129996692762 46.062895275470502554071572376415 
26.277031434767231132809683913365 -30.391887903745001153765770141035 
-17.578694998482760070146468933672 -8.937012351757203987290267832577 
-3.616969268097531831074320507469 -6.777386655915794477778035798110 
-48.765300970409448666487151058391 39.733633944965973228136135730892 
-4.051841746675346911388260195963 -15.861624156828783682726680126507 
-19.195946333115390558532453724183 6.467217147726812775943017186364 
-15.894976698901240652617161686067 68.040139655661903361760778352618 
15.774693248675378143275338516105 16.500759541366832650055584963411 
36.936277050637684737921517807990 -18.864259758593526328240841394290 
22.161470689645458520544707425870 4.469558282779164670728277997114 
40.546914114744382118260546121746 -24.250693825560929894891160074621 
-74.964325514496550795229268260300 24.568767170714618686133690061979 
-62.002129303639179624951793812215 55.946512019454630149084550794214 
-32.895867476897123538037703838199 46.259596721731526258736266754568 
25.898766597562683955402462743223 17.224375412276728525284852366894 
97.710170122745410026254830881953 30.998818032920695486609474755824 
-7.429793264194474389228162181098 52.532236528420881427337008062750 
-0.042707252613809032482095062733 -43.852245409890393545992992585525 
41.643261250392583860957529395819 -11.133903210337045663891331059858 
56.140655843015913717408693628386 -24.705758317041201621577783953398 
8.469524307928743667162052588537 -58.461424947291305898033897392452 
42.091406041893776546203298494220 12.843903904772949076118493394461 
2.031295164236283312675368506461 -1.482080303740701765491394326091 
0.716486826903744322692091373028 -1.822805495359014926748386642430 
7.706792310990319805341641767882 -23.817467119463508140597696183249 
-20.104999685422420441227586707100 -39.943153551406282986135920509696 
-13.330995415408558812941919313744 -44.474233973804935260432102950290 
-48.999778697922494075100985355675 -45.930623407611591346721979789436 
-13.763471543503232652483347919770 46.162433056294752020676241954789 
-28.254336068377305934973264811561 -23.337073878002275506560181383975 
-30.981732069962198750090465182438 36.064543014074047277972567826509 
67.883056092712919848963792901486 23.389401921191126376697866362520 
28.087790140359736312802851898596 37.368215116166510370021569542587 
30.459605345163893730386917013675 28.624401925733728546674683457240 
3.828540677623665899886873376090 5.120168906024058941284238244407 
36.352478916632058769664581632242 6.187702202537035844898127834313 
78.112979678058593435707734897733 -26.909482126133315915694765863009 
4.129510976042155334653216414154 18.997023473691331929558145930059 
-28.542477692631564423209056258202 32.765794386592908438160520745441 
-45.622611559981216089454392204061 -20.399366682028222896860825130716 
-16.410213078187432245158561272547 16.662607249254193675369606353343 
9.431337415548380676000306266360 -6.169614147521832236975569685455 
-8.525645899520995385501009877771 -33.915413713318514510319801047444 
-19.645058073260784681224322412163 4.226961487858357457980673643760 
33.662948556980580860908958129585 50.403257934045996080385521054268 
30.791429925882521700941651943140 -3.952183803383420013233262579888 
-14.634530146294652652727563690860 0.230598503285403211293669301085 
38.996990039325893917521170806140 -53.094325900755094949090562295169 
-64.615556988702749663389113266021 -58.813139625998424264707864494994 
-28.862977323985077759971318300813 -60.978981719751701007226074580103 
-0.873007148991890247202718455810 -50.300610727276463762791536282748 
34.333367002016181857015908462927 5.831807303660255570321169216186 
-18.650700408560958010184549493715 20.868059121758513185795891331509 
-42.074322527281438510726729873568 -43.075231344845867909043590771034 
-81.533989514483096172625664621592 8.284229918366470712953741895035 
-59.405826879018853503566788276657 -14.224518491177967405292292824015 
69.486571291308536046926747076213 -17.099540269514800883143834653310 
32.704422047793414662919531110674 -31.618412176257209011964732781053 
33.532642710914579708969540661201 -23.048668294300270531493879389018 
-6.093970627131277240096096647903 -38.126650904358619698086840799078 
-21.456207031639031868053280049935 -28.677675554895671439226134680212 
39.590659103848267363900959026068 4.877739123349421390685165533796 
-1.265573511999605216260533779860 5.189545360746802060702975722961 
36.174489785519433837635006057099 65.148466470071554113019374199212 
5.125476819748467249837631243281 55.784735762262876335171313257888 
6.931204343163072323363849136513 -19.184969621981771581431530648842 
16.936936325938848568739558686502 -2.581592309526538286945651634596 
-17.354004144237439533071665209718 17.702258023886471960395283531398 
-86.745433422424071068235207349062 49.183808437703930849238531664014 
-62.924979899531912508336972678080 -38.927571810443780009336478542536 
-13.278283204818830398608042742126 14.157732978197188344893220346421 
25.249495293397814066338469274342 -2.444782397570560483757162728580 
-11.314098653270727723452182544861 2.290345037953763096538750687614 
-25.755150755345027846487937495112 -40.087164651751834298920584842563 
-31.048983825712021200615708949044 18.127480043092777606261734035797 
34.156728758999356898584665032104 -23.570488292985078970787071739323 
13.131145991610598144916366436519 -50.738408597851062609151995275170 
-32.693461764968240856887859990820 14.609649852692847105117834871635 
8.963860021361089280844680615701 2.545401121552619994048427543021 
0.706507326671086843816738110036 -34.836430021935242962172196712345 
-28.484956524171920477783714886755 -47.515818261314763049085740931332 
12.162301449884767023945641994942 -18.180336361667688294119216152467 
-27.022351007837990266580163734034 -13.326222369391638622460050100926 
-41.433889539127939372065156931058 16.446899357374967109990393510088 
40.224271764554607955233223037794 29.183235901457024397132045123726 
-2.347591009460771260819456074387 14.753466873973952289134103921242 
-34.735051498015884874348557787016 -22.745107939794280582646024413407 
19.132823390826100506956208846532 13.779478608375674397734655940440 
-19.454967175963183478870632825419 -0.941289506031871781033260049298 
-114.843454999403149940917501226068 60.617859709783218136180948931724 
-34.997560327615339303974906215444 28.150362378915090744158078450710 
22.405306923911957994732802035287 -3.208768047534960032862727530301 
20.714001843668953029009571764618 26.143236629314685615099733695388 
-13.639205976078226711933893966489 43.267889866176254543006507446989 
-7.057334844464655532192409737036 -10.007710110238786427316881599836 
-22.438841324905297369696199893951 31.676724430290832401624356862158 
-17.301066898806958249679155414924 35.802805643474890473498817300424 
-11.337690122074691956299830053467 -17.764132764895613547651009866968 
21.841980727860043742794005083852 33.087529986888540634026867337525 
38.843216809930623867330723442137 29.773423103226605235249735414982 
10.677162930998029821694217389449 -38.811761597473406482095015235245 
-2.171501907930387886835887911730 -4.344508700144899648876162245870 
8.538015095025247802595913526602 31.291514810939528246080953977071 
28.763555715133492185486829839647 23.419951992439440147109053214081 
-1.418121580497185618696676101536 -61.170865113448996908118715509772 
10.613307341401192473995251930319 0.422612670367167098106619960163 
-5.731347951203190405067289248109 24.546691994082046051062206970528 
-20.405343628857583127000907552429 35.828175215866444602852425305173 
24.312592203220006581432244274765 -6.842086802842443304939479276072 
46.876616034928588305774610489607 37.629162436172514105692243902013 
10.461469543881220189973646483850 -44.596080797010131391289178282022 
-8.150724218739970439173703198321 -33.213290587409360909987299237400 
11.548941129757800183597282739356 -26.238020959453209002276707906276 
0.601657235017523106535008992068 -52.844528756758663234904815908521 
58.478425121536808717337407870218 -16.327783697508600369019404752180 
67.133843846190544013552425894886 -46.772262261200111765901965554804 
-10.776759306459627651975097251125 26.756963758466291380955226486549 
-26.878604849397163434332469478250 23.550134327733559302942012436688 
-0.921288530457379017946095700609 -21.365105148098791687516495585442 
-12.431721636189713819931057514623 -10.707770367214887841100789955817 
36.099219149210156842855212744325 12.096377028457563795882379054092 
24.865938237126197662973936530761 31.155015406722654347504430916160 
-12.470137457435493288926409150008 -21.602582922019774258615143480711 
51.190301010132394310403469717130 24.496795034428515691615757532418 
-20.333816826808305933127485332079 7.205997468779099079938532668166 
11.520614351335844105506112100556 -10.278947964603734277488911175169 
10.290536782792607084502378711477 6.645432344561710280572697229218 
-18.786649379504140711105719674379 -3.548441788048220857376691128593 
-24.828162233940375358542951289564 -62.131859238952031887492921669036 
-8.156329896095314779813634231687 -50.038811572331852062234247568995 
19.960278909715356121523655019701 -21.382591420615590038778464077041 
28.658192048937110030237818136811 35.838898368899364754724956583232 
-6.264738287047636688953389239032 61.544844166436455168422980932519 
-21.965683325145821669366341666318 60.566294331635639025535056134686 
9.816905024487244446618205984123 -31.434411854017813681139159598388 
-26.966439379990347902094072196633 25.156176262425866241301264381036 
10.492768249523901857855889829807 -28.930143144448980052629849524237 
8.366226846131095129521781927906 -19.352944617700593710196699248627 
-7.576870039508452947529804077931 -67.029861390683237232224200852215 
37.114796634210641457229939987883 -101.692420820980260032229125499725 
22.355487104194573078075336525217 -11.534799989918646190290019148961 
3.136530700481078071106821880676 15.128964202074861589153442764655 
23.642474349142176492932776454836 -65.622923710705435951240360736847 
11.227178037211062999745081469882 -12.969321089156014892296298057772 
-21.105542787112788971626287093386 -39.740183216737584359634638531134 
18.307037934259000167003250680864 0.016477037010341533118662482593 
27.218443324973012664713678532280 -39.921029067571645043699390953407 
-4.123270532768238183507492067292 10.628241774132350272452640638221 
-4.199179300839293915714733884670 -12.725123187407287872474626055919 
19.277391058886315988729620585218 -12.042537140709917764525016536936 
42.747377908067413443404802819714 16.213153049527562643561395816505 
-39.386498393666528272660798393190 -24.359332194776278868175722891465 
-57.246074858203982671511766966432 14.889117180932167627815942978486 
-19.272284081200993455240677576512 -34.505028156640562997381493914872 
37.751214737347929428779025329277 -10.530840042662454436594998696819 
-31.560896181012882522054496803321 6.808757391535508851632130244980 
3.694734857915122461236023809761 64.817078029158210483728908002377 
-19.186796962665539467707276344299 -31.360836766387695462299234350212 
16.382076505467015437034206115641 16.145234083993546647661787574179 
41.635349700522638727306912187487 7.328761815151121794542632414959 
27.253260714940129361139042885043 27.257790315517897994368468062021 
4.688114863416987354582943225978 18.514730127663771241941503831185 
16.282331743829928427658160217106 26.890032151821849026873678667471 
-16.340098042644704889880813425407 -27.642129246400692466067994246259 
4.684822252378275209139246726409 -12.624225344297160589235318184365 
13.699352137338422608081600628793 35.917099120928469346836209297180 
-2.541079210493922602154270862229 8.595775526476160166566842235625 
-78.335469436334989268289064057171 0.422581686433576741990236769198 
-3.307732630745704227592796087265 -37.645961756031219636042806087062 
17.443183885176793523896776605397 27.376357318461806755749421427026 
15.382966324740941388427017955109 -18.645116893290911264102760469541 
34.563946904495793432943173684180 46.343340216271556641913775820285 
28.051060129511604657182033406571 53.655713609295638377716386457905 
36.605600983535083514652797020972 10.974592805508191162289222120307 
-26.597444135118259112005034694448 -4.147072517510517641881051531527 
31.469342218135505362397452699952 38.059367788262775889052136335522 
46.439632086762266283130884403363 -18.809631931082236633301363326609 
-27.564864843883942313595980522223 -0.797426849650594959939553518780 
-16.516398068664326359566985047422 -12.335208078155240229989431099966 
15.401351262541709274955792352557 -10.733211363784874947668868117034 
-25.165542344476897085314703872427 -17.854657391338740524133754661307 
-30.655503528395499301950621884316 -1.253096071943128109182907792274 
-32.839054511604089725551602896303 28.076508560953293169859534827992 
-10.115605369267090196672143065371 17.075419901191409621787897776812 
-36.497429541712683942478179233149 25.547313094105614794671055278741 
36.493666028198575190799601841718 3.551111908430488739440988865681 
18.992991931635330615790735464543 -38.376057666334247642225818708539 
10.046008074976771951014598016627 -27.826548989100562181420173146762 
29.308762631545413057665427913889 -2.756393403877947179125840193592 
-10.804371906056363883408266701736 46.618269831878727416096808155999 
-9.541637135824977633546950528398 -17.048901291322174245124188018963 
-38.147207911024196391736040823162 -17.608100305750689074102410813794 
-21.047901716488940593308143434115 -14.203712785087152070673255366273 
7.069356213231741570268695795676 9.338497120758034952814341522753 
34.217243868284867858164943754673 15.314011060771949956915705115534 
-4.547858234141845201747855753638 -38.316730208765463316922250669450 
38.770989707649320621385413687676 41.786128985208932817840832285583 
-4.703193467921148673838160902960 32.012671467979373574053170159459 
-10.448931218665009623691730666906 10.789291175237655906471445632633 
4.417780490898636003294086549431 38.490026347527866334985446883366 
0.149366334172888137743484548992 35.605314333739329413219820708036 
-11.616183019100205342510889749974 14.278925676184371695853769779205 
-2.446839991672681513534826081013 16.043354076364199300996915553696 
-8.403292995450229341258818749338 28.774441372692308505065739154816 
12.933333669892366657450111233629 -12.910539797300927489231980871409 
9.594346033485560809594971942715 -14.677899842299153121416566136759 
-87.909134186310723180213244631886 -49.392603640465978287465986795723 
28.813525473487558770102623384446 18.869925649108253651320410426706 
1.532763706952760429658155771904 28.169370282499212265747701167129 
-34.070670349129336784699262352660 64.641502894036108273212448693812 
-32.631110539293644023928209207952 -12.557793168112823423143709078431 
13.417210090702999636391723470297 -16.713442268924325162515742704272 
36.187875712603307931658491725102 -15.719488465424213075039006071165 
-18.015773637209161250893885153346 29.862864466978951583087109611370 
-64.333595061702851580776041373610 -54.257542725327098764864786062390 
-10.756920035722497885899429093115 37.865253387703795340257784118876 
22.071277959701511406365170842037 -9.555427490409762469880661228672 
-7.523077468205480400342821667437 -4.456524363494498430782186915167 
6.440116931559707325050112558529 64.905153354347390859402366913855 
-23.833231475759610873410565545782 9.126478198282530485130337183364 
57.717884454532992322128848172724 -0.029718089405854186679789563641 
-5.812286736198586822865763679147 -39.364905673336231473058433039114 
19.498295082035248526608484098688 37.925300127849787656941771274433 
-58.700538400866946631140308454633 -60.458259301209302805091283516958 
13.348814804664282718249523895793 5.596181868480126553322406834923 
-32.364922569638423510696156881750 11.768078410576670478349115001038 
2.813102658711940762259473558515 45.619562364640238172341923927888 
0.040073194187664640253387915436 9.521427001767479580962572072167 
41.243131672034593293574289418757 4.787855139291734118955901067238 
-13.435465065150140162586467340589 -11.774209260357110906625166535378 
53.752226470806149905001802835613 -5.067124501479836951034485537093 
22.906368884273621944203114253469 -33.665898109172033514369104523212 
37.497592726789534367526357527822 -47.813906944543148824777745176107 
-33.202862002188041401495866011828 11.221992472163051957068091724068 
-38.507180430661406944636837579310 5.838144807018924353769762092270 
-30.703782983207950962878385325894 -60.353802226723438195676862960681 
23.851430932689730468609923264012 42.896481263483636325872794259340 
7.364039526643042066211819474120 11.256373917854665123172708263155 
-21.353249753640362484929937636480 22.929944574881950813960429513827 
8.670556022948662899807459325530 46.219606942849864594791142735630 
-34.198690866059806126031617168337 -68.787508841319620955800928641111 
36.770493320392731106949213426560 -45.928324339135102150066813919693 
-2.544514001159090099690729402937 -10.602531252670273076432749803644 
48.493944487175710378323856275529 18.036013588867927381897970917635 
-30.683479928663334845850840792991 -8.473153400248756739188138453756 
13.763562321069933602757373591885 -8.430105523001076406330867030192 
-9.249444001033518603094307763968 -5.502287576326853724140164558776 
47.269150064179186188084713649005 0.786191991905715426014467084315 
19.468361767933643591277359519154 11.474788171970160988166753668338 
-2.865536799013863600293916533701 19.924984336609309565346848103218 
-29.366782966016021561017623753287 3.682433213439135322175843612058 
-9.264863059648497767284425208345 -10.945595390161056315037058084272 
-16.848498192961187669425271451473 -44.480369743068258969742601038888 
-0.140814127028001223607134306803 5.432150012294325591710730805062 
3.097446021714064912089270364959 30.080053750135487433681191760115 
-1.166345462871653637648705625907 32.129768706296161440150171983987 
-19.135339180602642272788216359913 15.799176141551296126408487907611 
37.061366602148922311243950389326 -45.885612309667521913070231676102 
12.235773749584332392714713932946 -12.299364818222461082086738315411 
27.817274335364757575916883070022 5.841840936050949117941399890697 
-19.557375247286007180491651524790 -26.463649750457943099490876193158 
1.907735530356045927646846394055 42.988848925013634527658723527566 
-11.460153070082345294622427900322 -4.014901224936053836245264392346 
-8.975455428795505952166422503069 0.275509792745908477229477284709 
45.620388871922742168862896505743 -46.339069439708651998444111086428 
1.693992119817258057423714490142 -31.629781731950401990616228431463 
3.287542381097972921111249888781 -36.191042880808510062706773169339 
-1.913526314384467852391935593914 -40.473235545983882843756873626262 
51.092503677022875763213960453868 18.381711780948545964520235429518 
4.282977663914499188990703260060 -20.712559553723956184967391891405 
-25.626494980129233880461470107548 -11.275304733665414858023723354563 
90.554776533758996492906589992344 13.572784430345340211943039321341 
55.725202820037409878750622738153 -13.376530933549812374394605285488 
0.511077468713859062177107261959 -33.836871018216953643786837346852 
20.608366851561775945356203010306 -34.583732267695722839562222361565 
-6.409084805343411517242202535272 -26.353786438554088533692265627906 
55.864737031905121966701699420810 23.423780610740745800057993619703 
-21.296683137814508057772400206886 35.188780407077459244646888691932 
-10.843709907861375896231947990600 4.321921881630480299918417586014 
32.869288573837614819694863399491 13.277769374495379750555912323762 
-14.570801318557435877210082253441 -70.117760824249003803743107710034 
-33.174666532070567370737990131602 33.308594416833095408492226852104 
-11.127178353348298855962639208883 -24.716353331769408185891734319739 
-56.474567831890816194118087878451 -18.397111146551992533204611390829 
-33.573422235741183783375163329765 -9.446755592642436027972507872619 
-18.161278408225026481659369892441 2.854708624404118211259628878906 
22.719234210174562349493498913944 -26.564739150072327333873545285314 
5.269589911173454765958013013005 29.233495141875344813797710230574 
10.256563878923213195548669318669 25.605457656140210076500807190314 
-36.503255711994874843639991013333 27.577011338354118663573899539188 
3.913690261175789331105079327244 -5.082882952978899027129955356941 
11.231972444222448004325087822508 -3.191668289633511790270858909935 
11.738813028542558924982586177066 9.344951701779368846700890571810 
3.728898058816174199137094547041 13.278479263490375217315886402503 
-5.007862802608642027735186275095 0.376824436384191052695769030834 
31.560968801208137080038795829751 -7.344431615642937671850631886628 
0.016949311132290034720426774584 16.804105468151504965135245583951 
36.139757201116729845580266555771 1.965252192095299221819004742429 
11.083723442023583061200042720884 -3.503851394916456030159679357894 
-61.131132896257483366753149311990 11.223069367833602427708683535457 
-37.658257276986546457919757813215 20.091130832220823521083730156533 
9.859093320506605806485822540708 -65.976610213511122537966002710164 
-15.420009982808533521847493830137 -27.225667165642924771873367717490 
-9.969755378046073701625573448837 -6.512809488466114515858862432651 
13.893117140172469348158301727381 25.875423335687912640423746779561 
-4.439059155768685371867832145654 -28.461626941965967318992625223473 
35.682822530451446141341875772923 36.455430951948059714595729019493 
4.064184768470171960075276729185 -46.227461687414930224804265890270 
2.388109813768498845831800281303 -61.039984833888809134805342182517 
17.429367482558369317757751559839 4.962127357493333335014540352859 
-18.673127262605916598658950533718 36.302162200194537433617369970307 
-26.529320576369983086806314531714 30.898598038117434327887167455629 
-6.100906599789649220610954216681 -75.950797065869210200617089867592 
-1.414757143946101081155575229786 -63.922315980817614899933687411249 
-15.803925615520817871129111154005 -41.692385937886939473173697479069 
5.578246912576474869638332165778 11.579407563018135007837372540962 
13.884310854855103301019880746026 96.152700772673341589324991218746 
34.635551785136442504153819754720 10.177072697285804991906843497418 
-10.956442772083949677153213997371 -18.552341655679200016493268776685 
-43.401010812058800070190045516938 -1.943184642672610706881641817745 
17.646405389974692212717854999937 10.153375085332038807450771855656 
32.342009611034150395880715223029 -56.631567475397254440849792445078 
-41.534168988056080706883221864700 -46.759856716273517918125435244292 
-28.962059887622608300716819940135 -10.712472919680667615693892003037 
72.567796129392434067995054647326 -34.400772415600812337288516573608 
15.533431962257029823604170815088 -7.587313582836356040672853850992 
-2.925109835676181546659790910780 9.011726137847539064296142896637 
-34.503301174344102264512912370265 6.773973432904259794895551749505 
1.782901722645153341773038846441 -41.176456926286824966609856346622 
33.731034535396908324855758110061 28.150505641066700945884804241359 
-38.190275425547596910291758831590 -16.323847123577166939867311157286 
20.155167252997891580434952629730 -76.806075956173245344871247652918 
-9.675673201696465497434473945759 0.226325574281876384930001222529 
-42.080870478717642413357680197805 -9.653167435470749069281737320125 
43.797914745578125916836143005639 39.112345582308918778835504781455 
-18.843156448108288714138325303793 42.305426101544888695116242161021 
-33.041265533536027021455083740875 47.456312638171127105124469380826 
-59.916607818976522992215905105695 57.348440632284699347565037896857 
-13.522572388501432172347449522931 32.393136028717336216686817351729 
0.569738602235013047447864664719 63.075800171879954802989232121035 
-3.914593893404275881664489133982 -39.134178854778063794128684094176 
67.093649123592030036888900212944 -32.549655056037764211396279279143 
29.339274309690672737360728206113 -3.112867156589882000616853474639 
-10.918431557019435018673902959563 14.813894909196392291050869971514 
84.746581638852461537680937908590 10.745659852881498608212496037595 
23.820612226100429609232378425077 -71.411041927580484411919314879924 
-21.831927012525500941819700528868 -11.646902940776637791486791684292 
-14.781980513930795595456402224954 55.037300103679470453243993688375 
-19.979195354984412347221223171800 5.725707681150159267247090610908 
-0.889509373703726957671733543975 -47.877481420654596888653031783178 
18.777053486124650305555405793712 -2.788077489920655516186798195122 
24.146399666546074058715021237731 -7.695511984091965906884524883935 
-9.911666197629555696835268463474 -11.112605260086544589626100787427 
39.402882821504377375276817474514 -32.499888849538869806110596982762 
-7.781907559094355164575063099619 21.302649806371537266613813699223 
-29.767260674206617920845019398257 13.897999093744624943269627692644 
9.254081038479910148453200235963 -62.582668738914499328984675230458 
-24.967130605896493023010407341644 -17.379592946365775674166798125952 
62.924789696807046368576266104355 -28.150314028573792057841274072416 
-1.075238155006285722947723115794 7.229249658931568234265796490945 
-35.832800913421387178914301330224 -6.125744928631998043044859514339 
7.881615628215676849777082679793 -51.179500410642063457089534495026 
-38.708199229630068316510005388409 25.031772389169802295327826868743 
8.138715021719818309975380543619 23.169144393842280749140627449378 
-11.790848497882196355135420162696 -16.583291390309621959886499098502 
-26.785513754545092979242326691747 -36.842337258991264548058097716421 
-33.988137199735632520969375036657 -25.826965710228400041614804649726 
23.821399793911687936542875831947 65.262872107327609683125047013164 
-24.285399889814421214850881369784 -43.013936917335712450949358753860 
-53.984937370090349872953083831817 29.833581033671293880615849047899 
-33.593038435240501371481514070183 1.593155956231175451875969883986 
-12.136689164168515731034858617932 -25.408307149131005076014844235033 
-94.719438212595434833929175511003 -5.300635882952020594416353560518 
-15.061068996318002888301634811796 33.767050839263305306303664110601 
40.316158450028311222013144288212 17.928074456553027005156764062122 
-21.122787548134368762475787661970 21.632692542990000106328807305545 
-22.892819736064598856728480313905 -1.451159789826530044365426874720 
46.986007359132827332359738647938 1.390847334875026319878088543192 
16.757110650573999066637043142691 0.633073024257684302540383214364 
-32.023169361378187147693097358570 -9.493153587344940191883324587252 
4.316963555161345666988381708506 -41.692232836068804147089394973591 
-1.981685462973779010553698753938 -40.126505309589035164208326023072 
56.726327669387508478848758386448 21.322830596347699838588596321642 
9.362800297016855566312187875155 13.954373386232063580791873391718 
-17.652834335695715139991079922765 -19.148102988551013226015129475854 
-0.064601991799619895573414396495 4.346654967009399683774972800165 
-13.156131010479587217787411645986 -6.140350886746904990332041052170 
0.792305017752575224676547804847 7.011427811906612461712029471528 
-33.522195170223639593132247682661 -25.806333671622500247622156166472 
-15.436432546625145079133289982565 -37.753445249598847510696941753849 
17.328142226056797881028614938259 -5.031624563664948368568730074912 
16.730986411144684211649291682988 -7.238615093813802303657212178223 
-51.826172328540025091569987125695 51.810039971471319120155385462567 
-3.449625676963238518624166317750 -3.341984191296941020254962495528 
26.344197803234628452173637924716 -3.408314220359747181987586372998 
-21.774193307271175967798626516014 -3.956308864277140457943460205570 
29.971726767319175621651083929464 13.536562117995806886483478592709 
-65.542075327990005462197586894035 -9.714028294193264301270573923830 
20.661790443934023642214015126228 41.066409322560048167360946536064 
21.728317076182243283710704417899 -75.543326530744764113478595390916 
-7.416164152720842395183353801258 -17.529864094728530687916645547375 
-39.375334608707532879634527489543 -38.095216316878897089281963417307 
16.313141256741154450082831317559 -11.446502139577527046299110224936 
-23.594982522299819294175904360600 25.744742926816947203860763693228 
12.067168203099294387925510818604 29.497349351389662075462183565833 
76.105871760323168473405530676246 -14.425608428660506632468241150491 
44.945149054177612413241149624810 -6.171884976019818225267954403535 
-8.121325967676895629665523301810 -22.350094854661278986895922571421 
-11.149321960528160602166281023528 6.295534385212157246769493212923 
61.369282990588018833477690350264 25.052023034449021565706061664969 
-20.422413387843043608427251456305 -39.338022941335914595128997461870 
49.139923234190355572081898571923 9.142481999827904104449771693908 
-3.968484492611935365857789292932 1.557015349259964764883079624269 
12.489282326633746933453039673623 24.568938464334237892217061016709 
-0.630396735750631265204901865218 -65.390130259362777565002033952624 
-26.843855219361596908811407047324 -37.676589455743084045025170780718 
10.060212819378815396476056776010 39.951262557850697021422092802823 
-11.202571184250672331472742371261 -37.058998807645195938675897195935 
-69.979045876386379632094758562744 30.513924273849141854952904395759 
-45.612122809366795195273880381137 -11.649366611865540122039419657085 
8.936453681739614296475338051096 70.675858751595001194800715893507 
17.495857046068678641859150957316 -13.202537873404537549504311755300 
-28.851250350216965046001860173419 -22.521908224017206379130584537052 
6.313655770261703992218826897442 -15.913569195626168450985460367519 
8.616283843160902122804145619739 -0.405276064929966040040199004579 
-57.526463753184920335570495808497 -10.468453891362955232580134179443 
48.435093701411275901591579895467 -6.088554896415534045672757201828 
60.354753005867195270184311084449 9.784180457458692359296037466265 
-40.242784629836549470383033622056 -93.892192779741378672042628750205 
74.457934233819543123900075443089 -6.168071582403565678021095664008 
16.025089729473634747591859195381 8.917311544353786700867203762755 
-15.189726561556888384529884206131 41.230362857798077413917781086639 
-52.493122971887579808480950305238 -5.639508407917530163899755279999 
77.106277744647613303641264792532 21.385815503626862010833065141924 
3.390645835013991415962664177641 -19.234438849702222285031893989071 
-85.982277655468521970760775730014 -16.542944357611194305945900850929 
-3.456529964231870977187099924777 24.246381337522130650086182868108 
34.245036724902817582005809526891 18.023965885249715768168243812397 
38.582664183215818809458141913638 -8.164372121144440441753431514371 
-13.282329048389758696657736436464 -6.763380251684998789585279155290 
16.666455657662449851841302006505 -21.322642108494097357151986216195 
16.327165441992807615179117419757 -1.080458725470156089443207747536 
18.019861389321278011266258545220 -25.417132870489844265193823957816 
41.789536624031626388386939652264 -11.788508297232588972747180378065 
-13.064494984767478058529377449304 -9.915238880228651296988573449198 
56.295413736693873829608492087573 15.530103881203281446232722373679 
3.164058059595042493583605391905 -62.802542505568965225393185392022 
-2.881291725856309327014059817884 6.679822675822416400137626624200 
-13.073855591090385530605999520048 50.023938987605880868159147212282 
-21.770374842691509797987237107009 25.503728626220080855091509874910 
19.084254935342492842664796626195 33.150599539301651930145453661680 
-6.029979210295129732344321382698 -51.353308203757272565326275071129 
42.879698894068738468376977834851 -49.758386332600878176890546455979 
4.182614452413655925511193345301 -15.884400421968983607712289085612 
-14.694492656404705144268518779427 5.851833410789041067801008466631 
-50.369975959470252746541518718004 33.093672154901582871389109641314 
2.101275115544037674908395274542 62.334763025427967875202739378437 
-2.429827856538976149636255286168 40.685294374822817076164938043803 
-9.599219449800196812816466263030 -8.361000550038172107747413974721 
-35.951613329765550020056252833456 37.715468080368488301701290765777 
-0.674541060324749253140907967463 -8.826066437496606909007823560387 
-3.196094179554204828264118987136 13.406109286347662745697562058922 
51.937214340448363714131119195372 11.827060981401711359239925513975 
-24.139683026033715407265844987705 -53.189545406877755340246949344873 
-15.134620674661224626333932974376 -9.285890683660056765802437439561 
13.051111850623577481655956944451 -46.688872035652956071771768620238 
-8.885819567619329006902262335643 -35.324699945538121426125144353136 
42.938257995357304253047914244235 -1.737540824880804635199638141785 
-43.565383727055412066420103656128 -21.722145987742006667531313723885 
6.102706760745711278559610946104 -22.490076298592615700044916593470 
0.054030981481595574678067350760 -35.334278418323798121036816155538 
-65.890420148446523285201692488045 -1.668330288449373810522047278937 
-26.055749819788282195531792240217 -33.917972357099877456221292959526 
-5.291790054486813943412926164456 -64.192671625791220435530703980476 
-58.496664730553270317159331170842 -31.017052639650252388037188211456 
42.425562070769466060937702422962 -43.090170484941666018130490556359 
-12.562182431988738073869171785191 32.721494615548209594635409303010 
6.406515573328372070704972429667 4.125149322432283938155705982354 
20.403273303954350126332428772002 67.371261601403389818187861237675 
32.419823104515458567220775876194 -27.834312143397600181060624890961 
6.795825776586763566911031375639 -0.431063710562124668967953766696 
2.552828997350574447011695156107 9.140240948863921133238363836426 
14.596226515705545523360342485830 -18.049592206570572727741819107905 
8.369887019645393166911162552424 -16.379233190955915233644191175699 
14.770809637071547371078850119375 37.315599234490306912448431830853 
-31.611427734991671911757293855771 58.233119336587364500701369252056 
-2.868518400778803822959162062034 -10.368545011955614398857505875640 
31.044961269873763143323230906390 52.776250872333974939465406350791 
6.061820384983406029277830384672 14.065176217333590358293804456480 
45.369857815213997298542381031439 14.254032276343853169464637176134 
70.123271616690232121982262469828 -20.022096732698472010270052123815 
-44.108976506247834947771480074152 -28.551900515523399803896609228104 
-29.852593848165000167682592291385 -46.470407274068563197033654432744 
-22.069493218158513059279357548803 36.940430594350544879489461891353 
-2.640469016857371897799566795584 -34.909403735367988019788754172623 
-16.826875413093453914825659012422 19.960298306990981842545807012357 
60.705639857526357161532359896228 -20.992689587180862531567981932312 
25.499925655753173714401782490313 -46.814737703166301230339740868658 
1.210303678043185726664887624793 10.416978591257922914792288793251 
-34.238652580402202829645830206573 -26.270147980092367845372791634873 
10.550579850752306754202436422929 -16.352949977861442221183096989989 
-10.273577193536500118398180347867 -24.413142841031408636354171903804 
42.091040425092472787582664750516 23.619209066083520554002461722121 
-13.092086584402496285406414244790 -3.878584573889289899284449347761 
-32.592447826339622451996547169983 -15.794725461523182019618616322987 
-0.890174332628806297407209058292 -38.028463972971238149511918891221 
26.276315606161311677624325966462 -2.922868836805771586284663499100 
28.333493703632285587445949204266 -15.592473392186695591021816653665 
8.249480566001208714510539721232 -20.266670191958411351151880808175 
60.094012791193335942807607352734 6.215811765454400728003747644834 
16.242652157337737151010514935479 -32.963103240028203799738548696041 
29.436794360743256504520104499534 13.284048373021462907672685105354 
14.347251437353692793408299621660 23.860923730506502948855995782651 
-11.634300287958652120323677081615 -22.106802811521546914264035876840 
33.416495484946807437154348008335 -7.080876187495775297975342255086 
3.210504972309898619187151780352 23.002289645963010400464554550126 
24.588794625982679065145930508152 -9.232475003939324409429900697432 
36.716337507424000818900822196156 0.506313268434353425107019575080 
34.968884847786156910842692013830 15.083219959371405138881527818739 
-14.372940175420897190861069248058 -29.388819569824779165401196223684 
63.948154366926573288765212055296 50.229223424718433932412153808400 
17.936062526040295495022292016074 -38.177432251710115451714955270290 
-33.679450973575953298677632119507 -74.526663279412517226774070877582 
-16.541881826781711595231172395870 8.670843514119596306954917963594 
27.833476488873753140751432511024 39.868733512594559442732133902609 
-4.201883451909072419994117808528 36.028665502441668877509073354304 
-49.572870149782332305221643764526 -15.523519024351454476118306047283 
16.507228682342926617820921819657 18.305210264064861291899433126673 
24.133112005691586432476469781250 -18.962532343890433850219778832980 
-46.607004703912416232469695387408 -10.054281661284143467582907760516 
13.842412878957885524755511141848 14.946876499984140806986943061929 
20.115685798655007943125383462757 7.554268682269686507879669079557 
-8.159767443645179696432023774832 2.478712678530612834038038272411 
-1.620967564103644065198750467971 -28.044938774217882837547222152352 
-14.215517307133643143401968700346 -6.388924855494172660996810009237 
4.583124836904640453383308340563 81.583659376805101715035561937839 
-21.117322208816510453743831021711 49.479762535129069078720931429416 
-44.076625440805592859305761521682 -27.206147385535061289374425541610 
-24.443056069411166930649415007792 -5.108467503194709991021227324381 
-14.416665570209437063908808340784 12.742504431804558606700084055774 
-36.668853121517507531734736403450 -6.853887349886041313595796964364 
-9.840331794735480031022234470583 38.482936388577520858689240412787 
4.145528655243541749086944037117 -6.422208008578825122469879715936 
-11.893232776556835972314729588106 -12.452465465278624634493098710664 
33.182588297255804832275316584855 15.671373789420718125597886682954 
29.397610490655704751361554372124 48.383800134271346848890971159562 
37.018285357492580089910916285589 -51.948066624546257230576884467155 
-19.186033800368541335501504363492 25.640493649561420852478477172554 
-40.637682870835575954515661578625 -9.850955544571426969469030154869 
21.593412483085572262098139617592 7.303979679839094352189476921922 
-55.045253571491187472020101267844 -10.368631119488291858488082652912 
9.406753703648899289646578836255 -9.699175823771442495058181521017 
-5.590114463435298830518149770796 0.480378560419133293635240988806 
-51.693975319907970344956993358210 -50.817148041135958180802845163271 
-33.211832261916995889805548358709 -5.786715799181635588865901809186 
-6.114776233443393493871553801000 -20.377973547509785845477381371893 
1.885555523355101570359693141654 35.653198073869631912202748935670 
22.180626327453044410731308744289 -0.497871595265245048267388483509 
-46.394074900698086594275082461536 21.046347310220440363082161638886 
8.264691793571987687982982606627 13.685357046828276139649460674264 
-10.208891088567023430755398294423 17.732591941591550721568637527525 
-24.832937542096164662552837398835 -7.829775839042364182773781067226 
4.154934988551564956082984281238 19.381073706618369811849333927967 
-24.776207980619432191815576516092 -1.195795933759953300068445969373 
12.105535924059804386843097745441 -16.495720352234712891004164703190 
-18.304250551829426285621593706310 -25.342565533034129288125768653117 
-29.008390349610941427727084374055 -48.523863795985057834059261949733 
8.408110694381164762489788699895 9.340706219885184680151724023744 
-10.033887309873986026786951697432 -7.175938432437071412550722016022 
-17.137837867497065502675468451343 -29.460843741401347983810410369188 
53.797738599824519667436106828973 12.852576060175801231366676802281 
-67.237953554722665217013854999095 -27.934142122013497555599315091968 
6.746985950864674563831613340881 51.716507907640810515204066177830 
24.520826318492311202135169878602 -5.671184160335805302111111814156 
12.075230865035837979348798398860 37.988664929524247781955637037754 
64.202799297850532411757740192115 -11.894196174707436952644457051065 
-34.677811359243364108806417789310 -1.355034758777277303920527629089 
7.747246268905302102325549640227 36.406723948340221852504328126088 
-23.330177064545342346946199540980 45.148903398840673162339953705668 
-4.355263483516230493819421099033 -7.328848320053278797558959922753 
23.915104962203102445528202224523 -2.011495163459091628510577720590 
-14.037010232729834058318374445662 6.783610690313089719438721658662 
9.698036890758952921487434650771 82.349083072314513742639974225312 
7.123537918562306003877893090248 -4.133922277142246137771053327015 
-35.405624981569545184356684330851 -1.811337388677678461590403458104 
-30.753283394387402438496792456135 -36.098324081203855939747882075608 
21.855487954105264236659422749653 9.589320563607012459783618396614 
23.250109911288355135638994397596 53.274330400774104532501951325685 
60.068257577880260100755549501628 10.811435971869283179103149450384 
-1.806312961997585730955506733153 -44.561803531506704700859700096771 
-74.028302103579349591200298164040 -30.355997076976755977284483378753 
-6.867096947329514478042256087065 -31.317483405731149304074278916232 
-19.211584243117474812834188924171 3.388677417494374566331316600554 
-22.869767476640866732395807048306 23.656974391822149783592976746149 
-39.583911124522153102134325308725 -11.085371099971647268489505222533 
28.518534011849354214973573107272 -26.201076031384204156893247272819 
-26.317784397696637910257777548395 -20.867304548638333727694771368988 
-10.031937209672559419004755909555 -4.949577266894500837679515825585 
2.062914604874420021474179520737 -15.438860726444609383634087862447 
30.591179526767028562517225509509 7.957039933139663290262433292810 
-32.869226869622004016946448246017 -0.423493921224661562519031576812 
19.644903049177734999375388724729 8.266751251371635689224603993353 
29.682304387487562280512065626681 -8.969060636302504718742056866176 
30.842778453521042081320047145709 -15.977938715607720610023534391075 
-14.079090649264506041049571649637 1.246458048113485261865207576193 
-6.601781308894797639652551879408 32.799409703986484032611770089716 
13.488206297250222576167288934812 21.049963619420786642422172008082 
-49.910147614096317170151451136917 13.504316574872596845580119406804 
10.046734685506581996605746098794 8.889296346139325066815217724070 
-24.627946131864483447770908242092 37.312119850392015507623000303283 
-25.692687465382164191396441310644 -17.872697992046322923442858154885 
20.084958827590902785686921561137 14.072677640250709885094693163410 
-12.354851337430851287990662967786 -43.109013290939287799119483679533 
89.652440006673856487395823933184 56.844388677643323148913623299450 
19.778944039282027489434767630883 6.928435769586412718012979894411 
-10.773367235290681520609723520465 -2.930601666420898254727944731712 
-29.686452903385131207869562786072 -33.394977969904957149083202239126 
6.685874604856369529670701012947 3.286330061988600448330544168130 
-31.222512170945918796860496513546 18.134352635147507726287585683167 
-70.292019494662440592946950346231 -36.906504800575852698329981649294 
-26.021589166601678755341708892956 -26.079174543593211410552612505853 
26.472296100167710619643912650645 24.103477337635887067790463333949 
1.896709457337360404949322401080 57.746336457161369537516293348745 
-27.246100396410955823967015021481 46.246928206684287943062372505665 
5.030906275247305714515277941246 31.685153562130707882715796586126 
109.471701262134999410591262858361 -50.421459182761353190471709240228 
16.120137690576598288316745311022 9.660824608938510138500532775652 
-5.219221830645054183150932658464 29.378628335983950847776213777252 
-21.567006800511723696445187670179 -22.058057324457266190620430279523 
-16.695472474396254369821690488607 21.107320296597251285675156395882 
-24.234200155687680933169758645818 30.291893911116378745873589650728 
-0.146403260268797907883708830923 21.749194234946735093672032235190 
-68.542579205833789046664605848491 10.017845813530065868235396919772 
-1.863829218281328081729952828027 -5.047523935247248516589024802670 
-32.457018931955467166972084669396 13.336684706340179218386765569448 
37.751968202321180001490574795753 15.803310997754298483641832717694 
115.380855745518175581310060806572 60.352012995963967512125236680731 
-51.626982194976285711618402274325 -38.988669641703666002285899594426 
7.911546810116130146184332261328 -40.613286567306133179044991265982 
-37.134054425473912885991012444720 41.123526104044231033185496926308 
-14.388364361384541112443002930377 -26.089388414336045940444819279946 
10.540241783176542256228458427358 -33.150616203541460436099441722035 
-65.067719869546465361054288223386 -46.188639516647654659209365490824 
49.905232152953885815804824233055 -14.905269472615280790250835707411 
17.837281911083888275015851831995 -26.427044192169436342965127550997 
-16.313079237461575843326500034891 38.798358365604201480891788378358 
-2.340749422746963404051712132059 -16.725165595325982792473951121792 
-21.516163198465754646804271033034 -23.447683178799515246737428242341 
11.117781791798790891334647312760 -32.996558728307178398608812130988 
59.133764116200822513746970798820 32.977936584098912931040104012936 
-7.272652388511201770882053097012 -12.829887839111353997623155009933 
-17.227979010261002201787050580606 -6.120509511989823181465908419341 
-5.893857934234926432282009045593 3.010588724761531942419878760120 
48.086509839020919798713293857872 25.455297013081704449177777860314 
8.439775465576936142042541177943 -4.991542574630905448884732322767 
-15.427309173400907127415848663077 -10.327806105761659694053378188983 
2.248974372719771963602397590876 25.346648106247972265236967359670 
-10.018257388979257882510864874348 0.088206772368529584582574898377 
9.179705232234905309951500385068 62.538144441252143224119208753109 
-17.519687487886308474571706028655 0.616002307141730653938793693669 
-25.415678972532170121212402591482 4.384795560804255920572813920444 
0.066233478319571048587022232823 -15.025264845169463256979724974371 
-49.601239434015468532379600219429 1.728598054162844732672965619713 
18.704784740790536545773647958413 -13.018841997144441791078861569986 
29.524994351542062531734700314701 45.551390052413786690976849058643 
-14.234351257221080189196982246358 -26.484947754172150524709650198929 
1.302366368237265703555749496445 27.553675069850871892640498117544 
25.851442903611555834686441812664 21.111659614706272947159959585406 
-22.943575818085847117799858096987 -31.597251731058207724345265887678 
71.583366588361869276013749185950 -25.344474276533865975125081604347 
-8.824563352540076621721709670965 -24.883397352801431168245471781120 
-30.443220151166020315258720074780 -10.619635875722018170108640333638 
-11.917890600605158368807678925805 65.213940680396845550603757146746 
-10.326990122394512638948071980849 9.610700056222903242542088264599 
-44.223362585226247745140426559374 63.090555435806287221112143015489 
14.415867834079554299364644975867 -37.063381723110815357813407899812 
3.675993448394521578848070930690 25.928252011672192622881993884221 
33.257287725036206893491907976568 -10.450459028523329862991886329837 
15.552999018794036345525455544703 -0.171010796653288998925290798070 
-8.505490357670062451234116451815 -4.041936706244391608322530373698 
49.085212202095462430406769271940 -13.731649250767908654324855888262 
41.569459719393051955194096080959 -59.554541471543949171518761431798 
-47.297264746078262476203235564753 -7.116024417266544332960620522499 
6.662352833870828661133600689936 -15.637771530851482637558547139633 
-13.066291927359920066464837873355 -43.809629018371914810359157854691 
-3.575273310439321505782572785392 0.134372761868239543048275663750 
-21.296906015740269424441066803411 -2.173186350146250944703751883935 
-29.813542571720208940178054035641 -14.759710444726154676686746824998 
13.652361091728742792383854975924 45.546732754735998582873435225338 
-29.956260687510908979902524151839 -26.695681115122905424641430727206 
18.701182461252056299372270586900 -23.234720639914492323896411107853 
44.901805799701122623446281068027 79.767455160626838051030063070357 
-2.493566729595242392747422854882 61.824988073445815928153024287894 
36.587333037759236731290002353489 -7.087929733574720003730362805072 
37.773873574146094256320793647319 -47.531445579784652011312573449686 
28.190642586625397569832784938626 -2.399378922340090980469540227205 
67.989326837910482481674989685416 37.637150679157215904524491634220 
-15.560606856622829496927806758322 28.745778692658962683026402373798 
-22.744378099400066162161238025874 56.447428823833703859236265998334 
-27.785631163792157138914262759499 -9.690087148552901652465152437799 
27.710148672485274801147170364857 -37.884606478019762221265409607440 
-49.454585098561778977455105632544 -71.119160267054553514753933995962 
-7.407022732662269959291734267026 -9.669838960302740815677680075169 
27.837963318136178969552929629572 -8.850624931166368725143911433406 
-20.236033728039810597465475439094 35.127655907910209975852922070771 
-6.486855862010821205387856025482 13.779347264205828338390347198583 
-52.460614285739112006012874189764 -8.262979746455929586090860539116 
-38.282623530123345290121505968273 -18.624085400436328541218244936317 
22.837781914948919848029618151486 38.289499969549680713498673867434 
-17.477956386951095879567219526507 41.493331100193110216878267237917 
-3.452162693478846744454813233460 -13.777738075100483428059305879287 
-7.198458300621467742530512623489 11.053818345697031588770187227055 
10.232772231724258205076694139279 6.163130968451557833986953482963 
-23.046440660758403140562222688459 -6.604464496324845335095687914873 
-37.764869702539570539556734729558 -10.778002126905715130078533547930 
15.416387044253495375301099556964 -64.534905402253230022324714809656 
47.231999590381683162831905065104 20.355446303600679414103069575503 
-11.656617185774589273705714731477 59.539256771987716376770549686626 
12.129368423457009384947014041245 17.690777443539250413095942349173 
-6.470918446099593879239364468958 -45.244650828909584561188239604235 
6.688365989926401411480583192315 24.675495982617157153526932233945 
1.547185433527971554212854243815 -1.407437571390184771757958515082 
-8.697268238581312260748745757155 -2.930306397925242833935044473037 
54.920491617580019294564408482984 40.729738682032348151551559567451 
-8.440918975664704504424662445672 18.234587189618505220778388320468 
15.383825416619004045060137286782 11.685845107906175144307781010866 
36.878643078468520855039969319478 -7.456073130365410861486452631652 
-9.151118653036304451120486191940 -5.528307812156349143606348661706 
17.485841046031577405983625794761 -16.524265241954541494351360597648 
-2.792402254308589348852365219500 -15.237356220442979548579387483187 
71.530536333535792437032796442509 16.873606357138825728725350927562 
-7.470510455469959509855470969342 19.252288157122883660576917463914 
-44.128090517781600965463439933956 39.603387479380245395077508874238 
40.177126453576121889454952906817 -31.535169807922084572737730923109 
13.195219330175383731784677365795 -15.715423776424824353625808726065 
16.525802371038590621310504502617 -47.363645796896520323571166954935 
-4.924463946795345492546402965672 -7.528787329560675090078802895732 
12.214096236758347657769263605587 51.029116115049802715475379955024 
-41.328497028700859061700612073764 24.261883655997358744116354500875 
-78.568327116095389328620512969792 3.594632834607521587599876511376 
15.099086955754284389286112855189 34.374550969722527327121497364715 
13.187466570839301738260473939590 38.694882548009147171796939801425 
-2.705896853512958166732005338417 -25.026564918815825677711472962983 
22.121001071295410156380967237055 -18.618348855433662691893914598040 
43.968962726342326163830875884742 -47.421976527826586789160501211882 
-52.080173240022574532304133754224 14.882017291213083254319826664869 
-0.617440030041016996165126329288 1.631034518477367356581453350373 
-21.339581636298095901338456314988 24.214803591677828364936431171373 
27.921702644721918318282405380160 23.470023373563705604283313732594 
1.289075564725948197519755922258 28.661203022427976350172684760764 
10.501687025824049115385605546180 5.914198525097944525441562291235 
36.259387847428001805383246392012 -35.619152361818208873955882154405 
70.077049904695343229832360520959 32.228670576126447144815756473690 
17.589794312161604494804123532958 -1.286273997564723714503998053260 
-15.730685559224731662197882542387 -25.409041016806476420697435969487 
-25.755864298859663108487438876182 -25.697926394397693883320243912749 
48.752293503476352043435326777399 10.057139091130851582533978216816 
-22.857821014979897711327794240788 -3.234178025570665582222318334971 
-10.272128847511602600661717588082 -12.367181795802480337442830204964 
31.442517218700693604205298470333 -27.207482828929745011237173457630 
-2.219686392476916125815478153527 56.179836403323690774413989856839 
22.672171050275938597451386158355 1.989384222455187867240056220908 
-14.020265750025346918050672684330 -29.823016350131400287182259489782 
-0.176379271908785995037760585546 44.885765091458580400285427458584 
-3.772558143623353288376165437512 41.138157666979850546340458095074 
-35.022543645772621800915658241138 -36.224766353503255800205806735903 
-57.814693226939105841211130609736 7.737832968971430247506759769749 
17.827030025004518165587796829641 3.258542755650379874055033724289 
-33.449990000990460714547225506976 9.481406496269539019294825266115 
-41.499730032274214863718952983618 -4.725415075838625966753170359880 
-22.272121631075748382500023581088 8.243804688287518445122259436175 
-0.491002430752086382881316239946 -19.547116034209896184847821132280 
13.905368466527635362695036747027 48.107958570909026718709355918691 
-9.826258477454636874881543917581 -14.527704966031608435628186271060 
12.636881048975414643109616008587 57.951325531471255203541659284383 
56.035477763932561856563552282751 -3.722927371708888877321896870853 
40.720330828755855634426552569494 1.439857770835359929151309188455 
1.356179250922171064530630246736 8.983355271188687041217235673685 
-7.580547559962541370737199031282 27.233532121578999607436344376765 
-21.106889636789261999183509033173 -21.656139241114264137877398752607 
-4.458638547330398438361953594722 -50.466340963035278832649055402726 
9.588470286937218034495344909374 63.206304015690470521349197952077 
-16.381058114556044102982923504896 6.741546549522224651695978536736 
-34.519680122447290671061637112871 -52.132808671074243989096430595964 
43.172284051790342118692933581769 -22.705859905621910144191133440472 
18.709501960813312848586065229028 18.722897707552629498195528867655 
28.602077779871699192426603985950 -11.798628023728893410293494525831 
2.410867396640391291384730720893 -12.594335960777769400920078624040 
11.914842668182316742786497343332 18.065357111103431009269115747884 
-23.855816779281852291205723304302 -8.442457257714071516829790198244 
12.751236058191159017383142781910 19.082731692638887466273445170373 
6.750053409336274512497766409069 -37.251395700765343121929618064314 
13.052870964051910718239923880901 -35.012233090080279396261175861582 
-0.540964304628822389986453345045 23.594058976945245120759864221327 
-69.695806810077726822783006355166 24.478976572373994713416323065758 
45.333513997752156399201339809224 -69.866539277370279137358011212200 
-18.441620312989400076730817090720 -10.330692136594997521115146810189 
-51.106956225747310895712871570140 3.523993705705620982371328864247 
43.106664089077781909509212709963 48.437223352290402544895187020302 
23.715590500651018146527349017560 -47.065758025239517792215337976813 
27.319126553224549525111797265708 41.106938144529571843577286927029 
-11.393528285610555528251097712200 -13.169943780283382750440068775788 
28.177577201260863404286283184774 6.293068643148389540442622092087 
-11.466179763205818886717679561116 -26.841371725083952526347275124863 
-60.767227487580477429673919687048 17.214189330968995506054852739908 
-26.085351215642223365875906893052 43.487702909443584076143451966345 
44.045592964392852763921837322414 50.744643841837209663481189636514 
79.201642579528396481691743247211 -66.758924622571100826462497934699 
25.566139385990133803261414868757 5.850063612261194201380476442864 
-4.576179661349921268254092865391 5.769188904344796142709128616843 
7.834131469885803333852436480811 -7.004647123636759786791117221583 
-12.916613293265827522304789454211 39.617145267533487640321254730225 
15.574739978232525317025647382252 -45.906976039207449957757489755750 
-70.822114977219555953524832148105 42.744476667631310817796475021169 
-12.946110581779679549185857467819 -32.610552107671253452281234785914 
-42.698752523874716757745773065835 87.363688017807547225856978911906 
38.078567516145476190558838425204 15.000209108670240709670906653628 
39.108804178660804495848424267024 -33.890020452221392588398884981871 
-4.381244394890620341698195261415 -31.613447112406984018662114976905 
-25.362810709425396282767906086519 -5.953848314530052476811761152931 
40.533176071106396420873352326453 -7.005406680800399854547322320286 
-5.482120374556171071844801190309 -29.226724801879150561489950632676 
-42.484595839498915381682309089229 -30.893726284428730366471427259967 
-24.324419312543149374050699407235 -8.322853059929791186277725500986 
25.827099151214831351808243198320 -6.133523764672577982537404750474 
-47.884002790588723996734188403934 -22.324904055765742327821499202400 
45.065563300133042901052249362692 2.378168648972343035552512446884 
18.088639063246080951330441166647 -8.732044647971882511683361371979 
8.276216530741200116949585208204 -14.382387847732870156391982163768 
-12.298251365659581324507598765194 -42.514353534443124260633339872584 
44.364307029261034642786398762837 -42.141651689749181741717620752752 
1.000037657845176397586328675970 -37.460779856460007408713863696903 
-22.108317542968105584577642730437 -22.035698050406288928115827729926 
22.856977018807789647780737141147 74.611773827396859815053176134825 
22.143112649991007145899857277982 45.079329440467788003843452315778 
11.183261814407764234147180104628 -19.379311078638615128966193879023 
45.663848590452793985150492517278 -0.408799986317450958495101076551 
75.588543132853203587728785350919 -9.577120181195187598177653853782 
-10.987981300780527149640874995384 -40.722376890257407922035781666636 
25.891208260673828078779479255900 9.730436891802845877919025951996 
24.351495838281127959135119454004 -19.767769702874197434994130162522 
1.166631108478664913263855851255 -22.355775663424513055588249699213 
30.021329140168020899182010907680 54.531208459719977099666721187532 
-48.268542223059192508571868529543 15.737663066635168007678657886572 
58.971969016103088279123767279088 -46.246827665261818651742942165583 
31.906700412579812820013103191741 38.326677852943731750201550312340 
-2.723617145413941287301895499695 -3.640331640188506412414426449686 
-12.614067548849241973130119731650 31.723771588671326071562361903489 
-13.886186389322697110060289560352 -13.592295319867236713662350666709 
77.682674408481901195955288130790 45.115182742803575877132971072569 
-22.424060877121149815138778649271 -84.821952277773249306846992112696 
-54.107594792612609069237805670127 -8.744649122549233766221732366830 
28.339222125346857694694335805252 -8.422757324943294321428766124882 
5.592746419373508359740299056284 -7.321765859901939066389786603395 
36.060452675425381130480673164129 13.768427791431070872363306989428 
-1.634965547823138187766289775027 -4.895800609339181264090257172938 
22.394618882494132350302606937476 -48.933357185236452835397358285263 
-27.551041177388661651548318332061 -34.261755989564960600546328350902 
58.341421154155646888739283895120 10.470066978699200888058840064332 
-22.249786356977427459469254245050 -66.687022431627809737619827501476 
-71.564735499811305885486945044249 54.489868815220567910273530287668 
-48.528289426048296206772647565231 25.314233576605115416668922989629 
-14.297944849968766689585208951030 51.543248893537423782618134282529 
-27.234833147324319924109659041278 32.990596497775968032328819390386 
-39.566751516974385083358356496319 -50.344193270547506813272775616497 
1.383620229301861570547771407291 -87.805812192871826482587493956089 
-33.559814112310462519417342264205 42.704893306033227418083697557449 
21.252244227156431577441253466532 -31.336950767957961971887925756164 
50.915209078564650724274542881176 14.397152540471491732887443504296 
43.591843497504399351782922167331 -4.456832512823600822571279422846 
38.780594398048677362567104864866 -15.934307577951809520300230360590 
20.544012421179033367479860316962 -40.560518336756956614408409222960 
-40.131744034134804621771763777360 10.309097226288571391705772839487 
42.335709555186134878113080048934 134.735237553885610850556986406446 
-6.778974647550995769051951356232 -23.058584342646618381422740640119 
53.241045637754993435919459443539 -35.998818651400242174531740602106 
-87.927260831381204297940712422132 24.449654279830173919663138804026 
-9.755542968297017836221129982732 30.483212911031653646887207287364 
-4.543058164890393157975267968141 0.549867884983481047811437747441 
-61.673975278086430762414238415658 9.226662462929173358361367718317 
-11.757857101643473640706361038610 -42.319283536129411515958054224029 
35.518457583365645291451073717326 -13.536086826079618106177804293111 
2.122668269265911789034362300299 -11.126310316676278233671837369911 
-61.229676780298078142550366465002 26.956217855766517743631993653253 
-20.542946177085987358168495120481 -14.665511811208149950402912509162 
9.408120200545711853123975743074 2.439283145377224570893304189667 
0.454669463110271010464202845469 12.088861017179793222453554335516 
18.463113281513123808963428018615 14.074386704621174359886026650202 
38.221895675708864814623666461557 50.938625417632735548068012576550 
3.486902647742251559748183353804 6.361722246321079410336096771061 
15.117970183547141616031694866251 6.012977817927559698318873415701 
36.990409862057830991943774279207 -27.016455353272512240891956025735 
21.641601903703168829906644532457 -41.536890039636723770399839850143 
32.924279375897491206615086412057 31.921339251647992796279140748084 
-18.960901112051701034033612813801 11.489337327818414991043027839623 
28.570332974546865045795129844919 55.030046153226500393884634831920 
-14.733710354340791681693190184887 -0.106119885566963390033379255328 
75.918934087216214834370475728065 5.933078740473859191695282788714 
-18.364020261820503066019227844663 -14.548127498240141619589849142358 
61.025126126137315907271840842441 -8.112030103550562643022203701548 
-32.329986676584994143013318534940 -7.293097041074981135011512378696 
12.764641323403264294711334514432 23.381188091302028908557986142114 
-27.814943161907820012856973335147 50.024571608039536840806249529123 
-86.232371914376130916934926062822 -26.754197636559698736391510465182 
-19.504438921012170027324827970006 26.505866640115414156753104180098 
22.858836908380510521965334191918 -26.909305695243734390942336176522 
-1.959553298339738347522143158130 -2.806433299560497474089970637579 
2.768106320302444522951645922149 33.487619861501336515630100620911 
41.339867724138102289543894585222 -32.007154416818224262897274456918 
20.268932590975843766045727534220 3.136028271059448258029078715481 
8.257164652634784829388081561774 -9.394157859394123732954540173523 
48.668435153443134311146422987804 21.067953574351502510353384423070 
6.222516979908380818642399390228 70.551929160348137770597531925887 
-36.712924320692550850253610406071 8.725151326925990602489946468268 
5.971591870757706033145950641483 -74.866034121034459758448065258563 
-26.395350677387266813411770272069 -44.905659281710363472939206985757 
-25.289287105007936418132885592058 -3.011637984569631498743547126651 
31.800995134262507235689554363489 -3.354606418333551332011666090693 
76.964610079339749404425674583763 -14.442534487251258212836546590552 
38.371254478635016482712671859190 -15.565472824024020326305617345497 
59.111152536879963292903994442895 -27.137242280922286852273828117177 
-28.761441663818473557512334082276 9.841040425307646444252895889804 
46.789058399106828289859549840912 -17.718583635510483986763574648649 
31.968674673119831908252308494411 -24.181482859656000528048025444150 
1.492103867860013366453131311573 -25.344154690244472760696226032451 
30.737077038676812179573971661739 -15.268530622890335024521846207790 
26.535371117920462324946129228920 45.169710018849585253519762773067 
11.483856312668137888977071270347 -3.527611832796772262099693762138 
-47.070316228452000473225780297071 44.532959443531439092112123034894 
2.500432010649991099171529640444 26.907957102900088131036682170816 
45.264395057604993155564443441108 13.161909373603178252665202307981 
-43.779969512578432500049530062824 4.012051674861737637911573983729 
32.817065041295194305348559282720 -60.602780248192836154430551687256 
