-1.690834553513001381475078233052 13.684700909482458541788219008595 
2.726368674541697956215102749411 4.891275530293070161746982194018 
-2.487029073963415548575994762359 1.581405162384728058100336056668 
9.991594876495209831546162604354 -11.690610252875320185239615966566 
0.358002904881690398042337619700 -4.088162654633094916789559647441 
8.247443533736424470248493889812 8.574800447522301638514363730792 
0.186699378057961773436090879841 19.850765440214388490858254954219 
-6.235124485673544825203862274066 -10.686297383833498031435738084838 
-4.626534189572479860430576081853 17.434545633937766240251221461222 
-4.940576190338667572632402880117 -1.562200552931745534124274854548 
3.060038271969905299130232378957 21.063651489571643793397015542723 
-8.713981558254578985156513226684 9.193085120164557366706503671594 
-6.813635925499484713441233907361 -10.024285322353390981220400135498 
-11.825530399090446564969170140103 -6.611541538772502057952351606218 
-5.085538528155904458571967552416 -28.544605911767195749462189269252 
3.509449201711575039297486000578 0.502417097195774653428657074983 
0.038526259604062751407127507264 -3.723934931706312845278716849862 
-1.189847693039420839511421945645 -7.301470616449167394534924824256 
7.244502779399223157952292240225 11.585835993190297443788949749433 
-9.423606968544957496192182588857 0.973280387791568335487113472482 
-10.537045414094563966500572860241 -6.347193664912713195747073768871 
8.173749987838164088316261768341 -11.488444538831089403174701146781 
-12.407907592745377911569448770024 -17.895419678762614523748197825626 
2.451368413767292864235969318543 9.161286805749920603147984365933 
10.684764961148733419804557343014 8.803164085948983696994218917098 
2.723744137752946770092421502341 -8.970682730031739993137307465076 
-12.196799676442722670799412298948 -6.552173672968226725288332090713 
-4.135622445890615672681178693892 15.448533957637190283662675938103 
11.873436259212169829879712779075 -3.174620044938191387728920744848 
11.529496518877603961072964011692 -1.384790100750842523069650269463 
-16.008519809340718609291798202321 0.251218648120912657617509466945 
-0.066497816064475689934454294416 9.546051619236569862891883531120 
22.903515337452141409357864176854 -8.242126125187919427617089240812 
-1.189547526934326526770746568218 -2.072992888764638053089583991095 
-5.848487972066148898875326267444 9.568191275738810119833033240866 
-9.608345686032130572584719629958 13.485401004825547488508163951337 
2.581028248507206690476323274197 -4.967353126578043287508990033530 
6.311280740320238891172266448848 7.519447871663725635471564601175 
3.977291571355706878421187866479 12.436920545008346650206476624589 
-3.669574836647495175157018820755 9.373232874858542729157306894194 
6.521601339068848091073959949426 2.045071728038410974193084257422 
16.604132849737489152630587341264 -0.051498671208243695929240857367 
11.517917416184904055853621684946 -3.197568103084025281646063376684 
6.774416454949887089753701729933 25.038057492763154954218407510780 
-1.259332633941699697288640891202 1.333949116716282468075860379031 
1.436341944249821978019099333324 -6.100439023963629914248940622201 
-4.271935595707563315670540760038 19.305179410255647098892950452864 
5.193615831263910465054323140066 3.221932746444555739628867740976 
4.251735056174541504958597215591 5.995611316576608729178587964270 
9.011935917739725354635993426200 0.558507738205620718474619934568 
-18.828900116353153748605109285563 -1.923636129657092297406961733941 
10.704442021678509888715780107304 -5.040074948052994940894677711185 
-13.969650968607922436603985261172 -9.491648927066840712996054207906 
14.087769124267213172174706414808 -8.427819493342056489382230211049 
-0.967430397742416126050102320733 5.940764442439935955064811423654 
0.595462161805556888793944381177 8.242525494439387756528958561830 
10.789097359402971321173936303239 -8.370799158338417811364706722088 
-1.345566311126822789390189427650 -6.216485680311026662536733056186 
0.648340176320301608825502626132 -29.891502542167330602751462720335 
15.601469280707791043028009880800 -18.427303109653649926258367486298 
-6.943260941261206298236174916383 -9.138431720422628856681512843352 
-10.362089447040755629814157146029 14.162878295523853466875152662396 
-4.682289884936058577125095325755 -0.246389543182056414138969557825 
-12.134555312869986565260660427157 13.453581436877088961523440957535 
0.420828426684002110391702444758 -5.318217317705439484143425943330 
6.020913284714920266083026945125 -27.798720673856138319024466909468 
8.720370466008851906281051924452 -2.949074727011838703560897556599 
13.394818713150808520140344626270 4.623748467317799537568134837784 
-2.236765465256382867664797231555 -13.381150855955603162783518200740 
-0.123546147834568742496230697725 -16.570512259926221787509348359890 
12.427946500511769301056119729765 17.763997676309088546986458823085 
5.935356097604172376236419950146 -1.992830769150468306349921476794 
-11.261890161091178796937128936406 19.455735951855153587075619725510 
-19.034915349975527476544812088832 14.665968815807012504137674113736 
-1.423078547828863005264565799735 -13.123513732918059560006440733559 
-7.602849444842826542867442185525 -12.443280639070987803052048548125 
19.423597089206417365403467556462 7.594155873448945825998634973075 
-2.337294083465638827590282744495 -16.574553041768037786596323712729 
20.355945174918698370447600609623 -8.953675073524269834024380543269 
4.991268708003417486906982958317 -2.688446230735850761561778199393 
-3.887916112510681365677100984612 1.024630401945632041105227472144 
9.889261667211746598127319884952 -9.175148153969335140800467343070 
18.079689804176965139959065709263 -14.195134275589998296140947786625 
16.053125127937427407687209779397 -2.686923863741546458783204798237 
1.052397166784667881245241005672 -14.452771116510984228398228879087 
7.683781991216315887527343875263 -6.097517765555313218328592483886 
-9.948289469646585558848528307863 6.320315187770828124769195710542 
-11.705301500435114192555374756921 20.468652243594295470074939657934 
-5.191944489935609752251366444398 -13.728319375917291012001442140900 
-4.429503648084309297416893969057 -11.754440230699852776297120726667 
5.409100333388362713549213367514 -1.780157476260516347110751667060 
-9.293776861674436062799031788018 10.730814660396491788674211420584 
4.171226268727890484910858504009 14.801039058425340400049208255950 
-6.236203962213806129000204236945 14.594844952585287245483414153568 
9.028226465593153449162855395116 -11.242178010055193126959238725249 
-15.542745054252923964099863951560 11.528330474528635463116188475396 
3.450919721790546290662859973963 14.974929068318164837592121330090 
-13.043175393450084698088176082820 -20.027947066216487570500248693861 
-3.894671316407270822423924983013 31.024196095937682571275217924267 
-1.333495947476285969912623841083 1.391662798564543557233719184296 
0.167850906081548068016218167031 14.832587325369527064822250395082 
-6.152639105967949717523879371583 -11.596055739586589083955914247781 
-22.324164035266313987904140958562 -6.468736400100405958824012486730 
17.779480504910733174028791836463 4.202819782427368977550941053778 
-4.393628768935244011117902118713 -7.835643697284738529162950726459 
-8.074011161394766489252106111962 -4.795191773312506455795301008038 
-3.264344286771762249088624230353 1.558775423428205186837658402510 
13.396816043202022683544782921672 8.884224649539110174600864411332 
-10.231525271831415579981694463640 -4.089317497344347351884152885759 
-29.421455826094589980357341119088 12.793895307722266352357110008597 
5.099853648506903702752879325999 8.605708846064551664767350303009 
2.361597269120120579088961676462 -6.261276368445204631996148236794 
-8.282981564884277503324483404867 -12.553759123420121568415197543800 
-1.723164684208443375723618373740 -5.588929517443631311834906227887 
-5.939056928146239755506030633114 -1.906274697615129021244229079457 
-10.992075166904351490870794805232 -4.197710901613258549502916139318 
-6.657290581428064513147546676919 -11.989470566958502217858040239662 
12.165554872474590553110829205252 6.625263404356349639101608772762 
1.045158334603574878940435155528 -10.767748775292993457242118893191 
7.940682742252825221385137410834 1.109218852995558002305642730789 
-7.966826916124726487566931609763 -11.789717393635770648074867494870 
-26.286446483353785197323304601014 15.606717669593251685000723227859 
-8.160251152761802018176240380853 -13.811882842508047986029851017520 
-8.875648551997123547607770888135 -1.909012509357355114048004907090 
-2.256222979278352802623430761741 0.595628467625517910022381329327 
-2.007744469393366593124028440798 0.286067376844156284754205898935 
16.046643535396249546920444117859 4.548714580139511909351313079242 
-1.283361684019953763424837234197 -1.495675746941413919444130442571 
