-1.187124390894860548328892946301 -6.058912904251045006276399362832 
1.884587720770639851508576612105 -1.537976891893984010550866514677 
2.874854389050320424559004095499 -1.690560237591807402068866394984 
1.587963365227293532910834983340 4.694295195853096736016141221626 
-2.801645257478797557126881656586 -0.193529823578957538288136674964 
-1.390680305469059963030531434924 -0.914550329671905304351753329684 
-1.022288023373917997815851776977 -4.997157391118535407770195888588 
-4.264551572850594496344456274528 -4.808201079639768948936762171797 
-4.423187205947355593593783851247 -4.731604064052199021261913003400 
2.095958801462842746587966757943 7.680940333833273570007804664783 
1.939601381923255818406914841034 -5.819853704110594883047724579228 
0.190069361967929117973596930824 2.531799063594592169579300389159 
-0.858196450941833277603620899754 -3.144317170685629214688106003450 
-3.400512598108485828873881473555 2.332387917543136346409937686985 
0.610436599170245397516509910929 -1.693656615415811250713318258931 
-6.722523850462579275699681602418 6.536893606482293783699333289405 
