-2.060343060012943539049956598319 0.011110010264919090161583881127 
-18.637107300937877596425096271560 -14.398123608926823635556502267718 
5.611329493724918293651171552483 0.196374585260741696401964873075 
-5.774014057467924843081163999159 -15.270514568778366992773953825235 
1.265586401131255200880332267843 -4.286776722623115709609464829555 
-10.585965573534190653504083456937 8.942489928015167066632784553804 
-16.066118967292311481287470087409 -2.338315416264133972390482085757 
-21.664444350166156993964250432327 5.929216774503288434061687439680 
14.000420317982850804128247546032 -4.625800189347181401444686343893 
5.896168338025166377747154911049 -9.714993200997495748083565558773 
5.218620629687094059079299768200 -14.838802916648980101399502018467 
-26.936043756760373213410275639035 1.257758912281799368315660103690 
-3.396202490716480504318042221712 3.566488522147471584844424796756 
-17.701003897939123987725906772539 5.930545113061546302901660965290 
12.272754214436222497397466213442 -14.377941018532929717821389203891 
-8.055536730872244532974946196191 10.983154855221233248130374704488 
-14.089717567983942814180409186520 37.389942591934328675051801837981 
-5.088008911149487722980211401591 6.516129905480709361142999114236 
-3.029720209126862684456682472955 -25.219023378818331337924973922782 
22.817868690351641447477959445678 7.043804239540227385418802441563 
-11.686868527662976902092850650661 -2.127675884022446339827183692250 
-13.572097910645972262955183396116 -18.292043541692233787898658192717 
14.781114718149943598746176576242 -29.192144320325894568668445572257 
21.110108653519223054217945900746 -21.608957841201320349000525311567 
31.174014924648673741103266365826 -13.430698589115380059411108959466 
-0.464067901491874934549741738010 -3.797086168513669868218585179420 
5.693851838224175843095054005971 0.696304494520575190108502283692 
3.687453688033869081408511192421 -24.030525388000732789350877283141 
-25.265448889814777544415846932679 24.356659602945214260216744150966 
-24.416748462930417673533156630583 -8.758205080349515725401943200268 
0.857758309070067781476609525271 -3.430282485864861730107122639311 
-0.210866716714461333026520151179 -21.274949789714394654538409668021 
17.241805340864452489313407568261 -33.262691299816893319984956178814 
-7.898123471791283378706793882884 -22.097640136344235628484966582619 
7.271937742610383281771646579728 26.672771411265905783238849835470 
11.845712203266314688221427786630 20.000132781445117302610015030950 
3.263351485257937056871924141888 -11.031991109212089696711700526066 
17.559190754753252861064538592473 19.736098495224432269878889201209 
1.399892121586316484638246038230 15.955217878016897614656954829115 
8.821593248520258612188627012074 5.980270308983811844427691539750 
2.058085726758683620118972612545 -20.423151964027745464136387454346 
2.527785174026917047740425914526 7.878705994586969296733514056541 
23.229959945670920262728031957522 -13.153917636984440164837906195316 
-16.107610261157436326584502239712 -4.518233746516450821673061000183 
-25.319010354473746815529011655599 4.190785125657056298109637282323 
-13.075882360031497952945755969267 -21.472095989500125767790450481698 
12.173072389440381613212593947537 -20.708296778365387069698044797406 
3.047448363051927344713476486504 -5.538604185016262171359358035261 
17.132269485000566788812648155726 -10.823080461525336204431368969381 
-16.963756986169059359781385865062 2.964191704440111152507597580552 
2.948078144423824653586052590981 31.158346049334944893871579552069 
-19.827808651357802460779566899873 8.220758925677181139235472073779 
-3.671357383508192739896003331523 15.976929161088145647795499826316 
-1.215753205701036954167193471221 -32.610877347972291318001225590706 
2.376273322891433892323220788967 -3.254306273665974025277591863414 
14.939929390704651979149275575764 4.216030335511039339735361863859 
2.477295493895455891220080957282 18.102537252798747147153335390612 
1.978039744956596734937193104997 -25.158944179934934481934760697186 
-27.160873464742287808348919497803 -9.544212112107672396632551681250 
11.065639949349545645418402273208 10.430668542743433135910890996456 
-5.604709602427724313145063206321 -12.283730593843715794832860410679 
2.970324165269829563840175978839 -17.091004531054625914521238883026 
-15.476081770308955043446985655464 -2.437672219703862275252959079808 
22.198338462761551426183359581046 37.349577684392194498741446295753 
-10.806338827159631676977369352244 37.927324032150053767509234603494 
-5.400521746784923138307021872606 -38.734635990920700976403168169782 
-31.460293768478116760434204479679 -13.635210575492735074476513545960 
11.222676114980281170119269518182 -6.156953235953785963374684797600 
21.670924370786053714255103841424 27.196148191155600670754211023450 
-2.844616448077903925195641932078 -3.075425548391905739009644094040 
-19.998322385945378698579588672146 25.190808754709195227405871264637 
12.793427365980376109177996113431 5.261146340472485860573215177283 
18.213368840071829879434517351910 19.417842612362164800288155674934 
-7.504746451603178769573787576519 25.207842569507231900161059456877 
17.572297970968538294300742563792 7.191955931352001840650700614788 
-0.915523551331035356781740119914 4.907062468730580384601580590243 
-5.466713161167414014585119730327 -7.313714807027804631900380627485 
-2.606440523898439387551206891658 2.704408245711016789414316008333 
-30.993636363159090763019776204601 2.163533115765726932977486285381 
2.189226965471323893552835215814 -31.843592820630256312597339274362 
-1.452605521669923405170266050845 -16.347991909128477772128462675028 
15.028353283009682428428277489729 31.461737242049508722629980184138 
-12.908660626620260813979257363826 2.378829338486580624589805665892 
33.799435531937128018853400135413 -26.282078668559506695601157844067 
-23.994004659234551724011907936074 0.678590196258083366842583927792 
-25.723730010536232981621651560999 23.186793599633659823666675947607 
1.053490941615436327083443757147 -4.723842782461766809376513265306 
-8.030936913040580549250080366619 -32.365665082897734805555955972522 
24.582669779283019551030520233326 19.504600121554314995364620699547 
-10.101236399805767263160305446945 3.966230701139436209956556922407 
-13.215735656612073611881896795239 4.327144975984856145601042953786 
9.958636974981137868212499597576 19.863512891734945498001252417453 
-8.335521270747227262631895428058 -1.063617498041201869796168466564 
2.670008750686266196794349525589 -10.975659705156591172681146417744 
22.222563484670601496873132418841 -1.775706549425337676950675813714 
1.328442196075972248081598081626 12.562960748379355280235358804930 
-18.855538006113000903951615327969 -26.432217305715159483270326745696 
7.076943773081289634774293517694 -21.028540629816347973246593028307 
-28.675558748046075407955868286081 6.790817189063079517552523611812 
-6.670195311622384437555410841014 -39.856816779068907408145605586469 
5.030074195132908876360033900710 7.573041148718032467002103658160 
-1.739779781146171266925648524193 17.225747471319291292957132100128 
-21.569983812368288766947443946265 -1.967906124932943701111298651085 
5.974310670567551717624610319035 16.851015031299056090574595145881 
-12.956547602925580164878738287371 1.395924423008733761264466011198 
-25.728077092400376102432346669957 -4.317212423893137085428861610126 
22.171751842270079890795386745594 2.583920049985135136694225366227 
-18.411777489069532265375528368168 -4.411583774932683610359163139947 
32.703507261864459110256575513631 -16.504780336098129112087917746976 
-10.441604036360063290089783549774 -6.300768849853626285550944885472 
-1.563684891602736826143882353790 -12.551690468628841301779175410047 
-19.568501356338167340709333075210 2.436843600738693105256515991641 
-10.210234118237355716019010287710 -9.390642448992517543615576869342 
-18.427046171737394786305230809376 37.663128445982287928472942439839 
-21.125139928400464839342021150514 -27.259096056653877582220957265235 
8.946016366095317806639286573045 -9.804230381226563650898242485709 
-14.208672408858427971267701650504 9.474088298869537183577449468430 
10.793105605188326734378279070370 17.576086933241679588491024333052 
-0.160673400723576165205486177001 -17.071571283418858655522853950970 
14.529909291503212642737707938068 -14.987800647068716841658897465095 
21.418128149700724094373072148301 20.338479047315868086798218428157 
-10.186877942896286342033818073105 -2.988384789853268941328678920399 
2.635783113370191443891599192284 -0.320012119418510820878509548493 
10.375937084371065211030327191111 24.988979219040722057343373307958 
-0.738266357584277166381525603356 29.960189137310905493905011098832 
-5.791720977431420891434754594229 4.616757112811932906026868295157 
10.655066036370296700397375389002 -2.936300332919032030076778028160 
-5.581098002453625639418532955460 -10.852057288253229572205782460514 
15.628126105083676833373829140328 11.483533180730759681864583399147 
-3.368850359015167050813488458516 -0.586562284275248480014397500781 
10.027837828766488215137542283628 36.886558200824197228939738124609 
23.653561066472953200445772381499 -5.484128329855635364253885200014 
-7.974895171404515537005863734521 -6.836909093105943746593311516335 
-5.104585897388089321680126886349 -0.366507491531041118548728263704 
-6.322576055034351938388681446668 -21.567678118584233004639827413484 
-8.743438220679587757899753341917 -11.644134307399600203325462643988 
-12.586901956909578359500301303342 -7.121311786977285507305168721359 
-17.956436648814484868807994644158 11.806850935537967828281580295879 
-3.819221036076315023422012018273 -0.179661894980159608792291692225 
-4.208707358178070734311404521577 10.850274428504228296787914587185 
-9.032737508790269487235491396859 -5.418039377805142109423286456149 
25.810336666711883424341067438945 -2.111857233438082293019988355809 
-20.154450134320644139052092214115 -0.138023628403466602776461513713 
9.505272245987576695824827766046 18.841988895635481071622052695602 
-1.007921143511627981581568747060 10.530127930069854258476880204398 
-4.769796006858505243997115030652 -12.205369783072754330532916355878 
4.668225609782565399541454098653 21.460831957043456696965222363360 
3.776872008730553176292232819833 -0.938473284667293405902910308214 
-11.339795401285917009204240457620 -12.396441040517709453183670120779 
-22.947206055635636090528350905515 15.847044848820463158745042164810 
-17.320382646104924617702636169270 0.715071035468149318603536812589 
11.027159133197560691996841342188 -30.463034123401840247424843255430 
-12.125026471100621705545563600026 2.559726963427884527391142910346 
1.325944880730888897346630983520 16.797992854976371290831593796611 
-34.423704055575882421180722303689 18.804501246627868482619305723347 
16.609140162519249628303441568278 23.874649920090128318861388834193 
16.612305044894068117855567834340 -7.436496609616467523551364138257 
19.706763233710024252332004834898 -3.081613471773098744677099602995 
8.657849272613763247363749542274 -11.845273559279956288037283229642 
24.888655719450486714094950002618 -3.212449784547146247604132440756 
2.927776342756217786700290162116 9.015457498741131558972483617254 
26.540708358014249768075387692079 16.072738795669351929973345249891 
-31.448081495734424350985136698000 -21.032795442795233498145535122603 
24.549255219860185661673313006759 1.504529604255850472327438183129 
-6.740229423556248100624088692712 13.487969191930861967421151348390 
5.265994516608553333014697273029 33.275855181976950802891224157065 
7.038746145158511602346607105574 -4.397882042740940633507307211403 
14.618921152554623432706648600288 8.831128146750849339241540292278 
14.986015278903410674615770403761 -6.705163450519786572101565980120 
5.222339172989704181304659869056 -5.521148595277555415350434486754 
-18.359122605973670516732454416342 11.392079544630684395656317065004 
9.429833750699799566064029932022 -29.647693636416295959179478813894 
2.474263472419433895765905617736 -4.889865639748892434113258786965 
31.826611572667104610445676371455 -6.118877099899655114256802335149 
-15.515539658794079258541387389414 11.321595481908516944713483098894 
2.200966793394044884735194500536 9.009158938029113272705217241310 
2.098883912373686655428173253313 16.454434593445537160505409701727 
9.693747082697782957438903395087 -9.080290764461260266671160934493 
-11.716145131398874923434050288051 11.512678828943263553696851886343 
7.423472729209819931384117808193 4.550602609120236508033485733904 
13.750506983109413994270653347485 4.507725208461954125027659756597 
24.524582720718438366702685016207 -15.168890421196588036423236189876 
-21.687924322369688923117792000994 -15.528364529569870455816271714866 
26.536228232788214853599129128270 20.730746401769369668954823282547 
-5.144881231240471919363699271344 36.642631730532599476646282710135 
-13.419516583315502344930791878141 1.282022145067748031266319230781 
5.015827887229795223333894682582 -2.982147876079010995198359523783 
6.618857729766896014211852161679 28.213962456561898051177195156924 
6.866632760137765245644914102741 -25.529087479176482133880199398845 
-9.452276133044742678634975163732 5.382654756162684073217405966716 
-8.809095892652642589837341802195 -7.425061235626952971244918444427 
8.230586818239100210803371737711 35.503171750063131639763014391065 
2.426903519070215509145782561973 -16.061510892568776398547925055027 
22.154106735146129381064383778721 -23.673257793662081382990436395630 
8.336240069873928959509612468537 -35.352764406747837711009196937084 
10.545426356960657443551099277101 -11.547964885311486682439863216132 
-2.827923776533724620207976840902 8.058284549914944250303960870951 
31.384383723050280678990020533092 -4.757590929638462640127727354411 
-26.531917618103676659302436746657 7.060207320178632173224286816549 
-18.651860758796772188361501321197 45.140394415818100526394118787721 
-15.019591607252573695063802006189 -7.762951555977175566169989906484 
27.110647933668769127280029351823 -2.826104977733937317907475517131 
-14.177924110763189702311137807555 -10.847331734322455787378203240223 
6.763232414687736060443512542406 5.299367948976240860758935014019 
-11.330122421912301788893273624126 1.776978747161241933838482509600 
1.397806390365310624801509220561 -19.707658631710238239520549541339 
-17.368614648721155901966994861141 -34.944787103459447052955511026084 
5.903729495456376596962400071789 6.349222791018997114065314235631 
28.389209005093359650118145509623 4.976480391115684298597443557810 
6.626325894207971245464250387158 22.313906485007940716513985535130 
5.097496576521896471945183293428 -8.666645462294814805659370904323 
1.161575719611615653548142290674 -8.217774503738137781283512595110 
-12.510295976228322345491505984683 -5.146042113015672825326873862650 
15.089665290189511637208852334879 16.363719501114466936542157782242 
-2.007738346279149155293453077320 -16.078392314484332814572553616017 
11.781830021853242129736827337183 -22.655996353018114319866072037257 
0.160705026790193272745455033146 -22.817361945415058244179817847908 
28.343349072417559852965496247634 9.008646866273972264593794534449 
-11.902305527875725488229363691062 -5.670225598033036717993127240334 
-24.203923521093585691232874523848 20.102554091552573112267054966651 
-8.200160753766525090213690418750 3.498305046374047932999928889330 
15.158878333636771174042223719880 -17.709064294859725663400240591727 
-3.873722034397939495420359889977 16.176090628575071406203278456815 
9.285415048571923790632354211994 -23.065692719565824120309116551653 
-6.438927096804293981335831631441 -8.573947989847962247722534812056 
-32.048953263825211479343124665320 -2.032822647501280499682252411731 
18.102126480945376130193835706450 -22.807929221064931368800898781046 
-11.754755282066161825582639721688 -18.707430606863496791447687428445 
20.422222435383083904980594525114 20.376219802110480117107726982795 
4.445255570460383331976572662825 4.650022030660686311875906540081 
-9.944195529908661512763501377776 14.832334187128671132427371048834 
29.737083672167820225240575382486 22.213007495932153290141286561266 
32.366372706590503582901874324307 -14.474627210278832478707045083866 
31.902460749486280633391288574785 16.650281669050475130688937497325 
0.686527687011698972696649434511 -2.539388239988767281829495914280 
28.737917148011870693835589918308 -20.735477947923072861158289015293 
-9.282213996161452485011977842078 9.227999660215393973317077325191 
-7.466175065522426379516218730714 5.968435911595278753338789101690 
-39.141610822306589057006931398064 9.767947035319252790941391140223 
-42.340237774350022448288655141369 3.257989043704138332202546735061 
-15.225209317678004339313702075742 -22.560990265140148380851314868778 
4.987938174590305528965927805984 2.664259609597912081824233609950 
-17.302283212663674305531458230689 -22.421317535147512245430334587581 
-17.321306783711595045360809308477 -4.558617562437301984346049721353 
21.433117159290762998580248677172 -18.778547735884608016476704506204 
26.961174022917198556115181418136 6.472066612440311672571624512784 
0.734986598539951963005023571895 -3.073714904226450883584220719058 
-4.795320418847314414279026095755 14.469124710162343916408644872718 
-15.740141061895101870504731778055 -18.789911540595483074866933748126 
-31.214199429497838877978210803121 -12.299810843457990472415986005217 
-20.039339196228269202038063667715 20.391419263173162335078814066947 
10.391239693166292923365290334914 -26.377742616460700730840471806005 
-8.764107064861846652092935983092 3.885788496498006949764203454833 
-12.144169514218464911436967668124 16.804166612615205167458043433726 
44.175928667611557898453611414880 -10.118025337805029550963809015229 
-10.277160524813769626462089945562 -16.811206340775864731540423235856 
