-10.595229296946657271405456413049 -3.408180371483949588906625649543 
0.655749905837404112318722582131 6.578776873933413149586613144493 
0.076823744167264784721282921964 -0.574292939196188179096225212561 
7.839942928373969444066915457370 -7.201019299449699317960948974360 
-4.043048231724488239535730826901 0.308350726909584649249040921859 
5.469987700153964738092327024788 0.782872325848787964375219416979 
12.292180304876982432915610843338 -0.934264708635336837971863133134 
3.010697884110907995847128404421 6.227066258711647428469859733013 
-4.853594650716036795756735955365 -1.669856603665524685808918547991 
-0.637376453812938059684256586479 -6.613723690896922136062130448408 
11.629119106404498751317078131251 4.967396700212797888696059089852 
2.513170166381554437862178019714 2.886091335865502038870999967912 
-5.344811656519143028276630502660 0.950270220830153444779853089130 
1.931383008495952013916507894464 -3.303296587981794818489333920297 
0.864261205768892315504103862622 6.020630716170223273309147771215 
-7.194495459413243310109464800917 -1.647416758250237478478084085509 
-13.062042494059527442118451290298 -6.994751325193769631027862487826 
-11.278320418325943563786495360546 0.758480802817395272086287150159 
-0.371370968527266809289244520187 -2.186487673098373996083410020219 
5.831599581825886779995471442817 1.555482209639609703089035974699 
0.119544144671651419997715493082 6.867069336867936968360481841955 
-10.239132961267538135530230647419 1.456912002119955751311408675974 
-0.105800384889387366627033770783 -2.017251821162921565644410293316 
-11.450669976725937004857769352384 -11.894931241961813839225214906037 
-3.614135763053539562861260492355 4.213756354275858484470518305898 
-2.748519215815926397539215031429 5.426992826376417333733570558252 
1.131180871561144662962306028930 -6.201161254629186991849110199837 
3.992062172933721342360513517633 -2.857889019818673048689561255742 
-8.368765433521094365687531535514 -3.738551677651804183710737561341 
-0.230676878904140458814708836144 -3.544644815957630257230448478367 
9.167733890715904720991602516733 -6.276218310018749413359273603419 
4.074744726649965009812603966566 9.956190555177688139565361780114 
