9.339397028507107734185410663486 0.070125759589194203158513118979 
6.711903624029723403054958907887 17.722698138533893086332682287320 
-4.335892608112708046519401250407 11.899674898331731753842177568004 
-46.846111818536044779648364055902 -20.633282739769885694158801925369 
20.596104296219344576002185931429 24.489401068960539475938276154920 
-16.413883892180876955535495653749 -16.469817273825960057820338988677 
-9.708234813470067336993452045135 -42.706208360520363953583000693470 
53.543789903301913568611780647188 15.733582382642170571784845378716 
19.145040773151638546778485761024 -0.504119456332961846101170522161 
7.155334741304652190763135877205 -6.755067611597318055771665967768 
-33.405209754152501488988491473719 -28.978052326516841930015289108269 
-4.439839073125103396932900068350 28.102253105066687055568763753399 
7.888013688756938535107110510580 12.246376924877033331995335174724 
14.216267275417186155550552939530 8.695103393233283739505168341566 
3.007849480071719483476044842973 -4.343691311094784346380492934259 
4.217737727114570844832996954210 -20.383066283258152395774231990799 
-16.531335083982057199136761482805 -16.371737498947052102948873653077 
-0.656240343751040455799738992937 -8.385872969207611049569095484912 
-0.298923401159862045517456863308 -1.661351957459674011374772817362 
-21.251212536591232549199048662558 -44.998909378649997847787744831294 
-23.334294207981649549310532165691 -1.337990465192728350984907592647 
16.859659670045637369639734970406 67.083604544706901151585043407977 
-29.717621817004491902025620220229 32.124051675660460603012325009331 
2.204895040299016173435120435897 9.206335293274676701003045309335 
4.708265205521106722130753041711 -0.368337659737294487172221124638 
12.918417344750469766267997329123 27.964219707585897367607685737312 
-22.818057808903844829728768672794 -19.120385379404954306892250315286 
6.772447669732603259262759820558 -4.749140972324408238591786357574 
28.977521043733347028137359302491 -0.920140707311102312715433981793 
-2.988256538898102832035874598660 -3.653237365899948851932776960894 
-18.909139192112384364463650854304 5.936698105751547771546938747633 
-7.686712579218866636665552505292 11.630552987437381418089898943435 
-16.105383167615222816948516992852 8.040864133419642456601650337689 
1.481155778019689783775447722292 9.301446906332612840628826234024 
-4.939125911443824179514194838703 28.534483539476617863783758366480 
-18.451014681830027797104776254855 -30.890510057093973017572352546267 
18.607179503347090587794809835032 41.156937793727408347876917105168 
-9.250607419434231815102975815535 -4.468414530739714507490134565160 
39.261533495887903200127766467631 -14.413373799717676959630807687063 
-10.836914859757605711365613387898 -22.202862392200277241727235377766 
-25.320886420087141743806569138542 16.301846848875172213411133270711 
-19.475207670853563968194066546857 -5.596782290085587696637503540842 
-5.816910582712850441566843073815 -23.674482314272658811660221545026 
-4.995564411145261729529920557979 3.169933050121075623906108376104 
14.783826364038024081537514575757 11.742273896001574229330799425952 
2.638224695719949330907638795907 -2.383466195982599344915797701105 
-31.775609581398835956633774912916 -14.847461066518242489564727293327 
15.570128530195116667300681001507 8.088265205801533852536522317678 
-26.490777034242995569002232514322 20.945370657792878432701400015503 
-6.660604769944380443291720439447 -3.019518545392354091916331526591 
5.153499597118186059674371790607 -37.003025431754423379970830865204 
-13.837644338102423446912325744051 -8.270594489018158412818593205884 
0.788933098983703118278754118364 25.517982380326394320491090184078 
28.019211124014965719197789439932 -5.278574123426320596763616777025 
13.312372431825965080065543588717 4.679678792416292587574844219489 
-18.658099056589627195990033214912 34.333892333281809783329663332552 
-30.372283551242258425872933003120 49.884934510103981608608592068776 
-31.268658486129268680997483897954 -15.446625999546208518609091697726 
18.366825670974005646485238685273 -10.893474620480651182674591836985 
40.948498151728628613454930018634 16.945467041539274077877053059638 
12.605424538587548966006579576060 -36.106227781822788358567777322605 
10.924103972873393075815329211764 2.691778789837465879486444464419 
-6.261811440479950974236089678016 6.046154931935644682994279719424 
7.081953244586943974070436524926 6.900373540234070901533414144069 
-8.897847042513333803981367964298 28.289585446283226133346033748239 
34.504729909596946413330442737788 20.723279832112680765021650586277 
7.960954914513337143944227136672 40.545594706500246218183747259900 
-8.373031843131583329409295402002 14.487195164692213467105830204673 
14.683565455636220065116503974423 0.835630658338951448627085483167 
11.168925848548880708221986424178 -5.984723013547585068749867787119 
-13.353144768791707974742166697979 -52.549655093880474510115163866431 
7.298182987884785255516817414900 17.764173710313595933030228479765 
-24.835078466186534029702670522965 40.732048099614331704287906177342 
4.724707694869438867613098409493 -4.379250517231440653631580062211 
-9.585438794728574407599808182567 -25.276131919541825254782452248037 
28.077768402684284865244990214705 -46.397362809530044103212276240811 
7.042177670713005710467768949457 59.508076885739342287706676870584 
18.153728564538969436625848175026 -17.011210238084554902115996810608 
8.961306758256339932700029748958 -36.402324362216312181317334761843 
15.475457143022236294882532092743 0.706347744768859975295072217705 
-2.936774194063020537726060865680 14.628855208704468537916909554042 
13.894613983895869324669547495432 -6.103208819811669627597439102829 
-17.769018525657713780674384906888 -7.298181183263828586404997622594 
2.097455932539656231483604642563 -33.672055477958664937432331498712 
12.736318062912076243264891672879 -14.885592790085137693267824943177 
-6.548764857526519378438933927100 -4.146189626835989017195061023813 
12.104427351704874382676280220039 20.375529644585721911198561429046 
15.780878829020164033636319800280 8.418072713108957216832095582504 
14.697025968136859574997288291343 13.948715547483498511383004370145 
18.488456270745885490214277524501 1.130320182706528786553690224537 
-14.493559180230805694122864224482 10.180480899816824802428527618758 
37.956648618547262685751775279641 -7.430100840645696536057585035451 
6.478144497731438633536527049728 -9.649783598181199906207439198624 
-12.930655104626403328893502475694 12.352499397180388029937603278086 
-20.769505246200630210751114645973 -8.974626620535969934167042083573 
8.599590223625309448607367812656 -3.169476671241896248432112770388 
-9.251704051930069283571356208995 32.760869171800607091427082195878 
-21.168898735149568324231950100511 31.551155649299758465531340334564 
13.960531004396001364398216537666 23.385077678553077618062161491252 
-13.441025326055882516129713621922 14.864628209001827130464334913995 
-53.791415127432216536362830083817 -5.598023571350102756127853353973 
-22.895842870150495684811176033691 -16.302753864050593790580023778602 
21.791634387145105478111872798763 18.180154056096736070458064205013 
-13.779353536906240762505149177741 4.243063858128060417129745474085 
-22.309009270149733339394515496679 43.829714883216183807235211133957 
6.176354020470975925150014518294 -1.575232612154866984610634972341 
-18.220316830258763474148508976214 37.011253134343824910956755047664 
7.215585125620621376185681583593 -7.324532817006897289502376224846 
-13.515263158239537943927643937059 1.363758335585526282329738023691 
-4.056768217415159583083550387528 -21.047742780436401233146170852706 
-15.212933519850032837439357535914 -6.839744582813487738803814863786 
16.977720115036710524236696073785 2.551274012664205059763844474219 
-4.965926598976381889372078148881 15.684405853783545126134413294494 
23.108342906746052847211103653535 26.276253462287414208731206599623 
-1.506916063429789787164736480918 -3.938007712254816272690050027450 
-20.742570244490078579246983281337 -1.096449880299566359553864458576 
11.453379334963958768867087201215 -16.517741989952845926836744183674 
-0.266527147211865766962546331342 12.856383188963652841607654409017 
1.647269283109938697862162371166 2.197362477614130504832701262785 
6.788855675945192125197991117602 -38.211108042747000013150682207197 
40.355787005009766232888068770990 -2.105898953783794880223467771430 
26.648309517374201504935626871884 -4.395176105310492964406421378953 
4.968398501510871589914586365921 -27.469264252902057421579229412600 
15.127786480164690630090262857266 -14.377727130974491842607676517218 
-12.418687852623778056226910848636 -22.753463030011147338882437907159 
-44.051644741775049851639778353274 66.507649213989026293347706086934 
-47.135528926145127570634940639138 -29.448731583320892468691454268992 
-26.160539955925464994379581185058 15.213814809652504322912136558443 
-46.513838956645372491038870066404 -7.677375825468813808072354731848 
13.848781953295905111644970020279 13.432885721632064957020702422597 
-43.150000011560848633962450549006 7.798241150714673608490556944162 
-51.217582830511808822393504669890 1.005496764689507216417041490786 
-2.557749206958163767922087572515 -8.038882814985269575913662265521 
10.089330632315085978234492358752 -55.358131754148502068346715532243 
-24.484189202475860724916856270283 4.410124077402187481311557348818 
32.356338047311801631167327286676 12.303887350652079391011284315027 
20.345713715407587329764282912947 -6.403373955404276784975081682205 
-17.744628076646307590635842643678 0.683478659370734931144397705793 
-5.104952025017244210403077886440 -24.930873677574609814655559603125 
-9.533617425083440011235325073358 8.398626480346994327419452019967 
-61.910240532452675665808783378452 6.544987780644152763898091507144 
11.991624381356517758945301466156 -33.856009479637506842664151918143 
7.500399268577366385102322965395 -42.038639619824436977069126442075 
6.602376817102038941698083363008 -15.557930155577292197222050162964 
3.312428718085756784716977563221 -10.253179109286973513803786772769 
10.499051343922435108879653853364 -51.021944964097571073580184020102 
-13.236701055926445746990793850273 -0.458906459301808400397248988156 
-51.800768183426143309588951524347 -5.511322393582798184752391534857 
41.115537190430643477156991139054 18.952688063907643822858517523855 
23.909086091980057631189993117005 -8.297731112721606905324733816087 
31.742896317028293395878790761344 42.716044183935387934525351738557 
-20.956482045000093705766630591825 70.372812263548453870498633477837 
8.191803412315559640433093591128 1.611690912722698598713577666786 
11.418255908139075316398702852894 4.133643713426373267338931327686 
-26.199539890847272971541315200739 -1.127114311159080450863712030696 
-2.941503542562532658166674082167 -3.896742004489553323764994274825 
1.518356206614738468374525837135 6.541172545353393985578804858960 
5.277482020346003110944366198964 32.730025971170150000943976920098 
16.400829061535965536222647642717 -24.815918359696546247050719102845 
-2.135732190137533681451031952747 -9.668897635190738526489440118894 
33.079433307852177392760495422408 38.970708699719430967434163903818 
5.864870720342530319157958729193 -6.455264550917576116262353025377 
4.839597642476944017175810586195 -19.131537728948455168165310169570 
3.665042538721760223552337265573 19.355665103515086400420841528103 
9.761732310087259278930105210748 -51.171710228259243535831046756357 
-30.072935199874589073942843242548 16.157043233668957782356301322579 
-19.331579329961961377648549387231 44.417348126875737079899408854544 
5.741339959169890150292303587776 11.322966920643898092180279491004 
-19.941290785802131324544461676851 -20.785728540516146267691510729492 
43.190044633171680743544129654765 -26.430399692989190896241780137643 
-12.155566428095948339205278898589 29.944845126552777969664020929486 
-8.509791483141899703923627384938 11.894741825981313354532176163048 
24.587318890763050660552835324779 18.387501944901536887755355564877 
-24.897711922194289968501834664494 21.872118191589297708787853480317 
-1.867825644431847287307846272597 -27.874750751449372643264723592438 
8.845333013466325056128880532924 -32.267424054929016108417272334918 
8.665151717012076204582626814954 21.904607966485642123188881669194 
11.985291523729731721914504305460 26.770668061117675051718833856285 
12.006633637119074720089884067420 -19.037882328297044409737281966954 
-6.831383962622496142103045713156 -17.590334651502374185838561970741 
-3.291881489253005721451472709305 2.435845705633933988565331674181 
-16.407006068816244237495993729681 -10.929606117460290093390540278051 
-28.708651335746981914098796551116 3.459137941422862461138265643967 
13.452695843272680420454889826942 -15.097852556882170205199145129882 
34.492970173087918794863071525469 16.230454163429509861771293799393 
2.899389449289824227662393241189 2.724920375714823261859010017361 
5.395524246224553621686936821789 -24.428148384370715007207763846964 
3.188931062135654137534856999991 23.287143531679618035923340357840 
-6.761641848223563400210878171492 21.059884579761806833175796782598 
-35.866534707540665749547770246863 21.257263021908883615651575382799 
-2.175004466976118600030076777330 15.524293119311344923971773823723 
-4.270648204720975726900178415235 -25.572052948232887104040855774656 
36.841344571223302750695438589901 16.343921818108764654198239441030 
14.049243535509413405293344112579 28.896778154260481130677362671122 
49.039398999076254881401837337762 -17.872935922955619503227353561670 
-2.179248740535397743656176317018 21.828037758599116102686821250245 
-3.482896385017618001711525721475 3.763276466180804469274789880728 
17.502143385004480080624489346519 -16.207349035107696977320301812142 
-5.257968497571973820470248028869 -3.183919019759116508794249966741 
12.547744016012245538149727508426 -38.838142633334555853252822998911 
-6.933264031391409787374868756160 -4.650016161132595193805627786787 
-20.716796261501357889756036456674 8.157225393171597005448347772472 
10.588797314895312950966399512254 -11.999734838312551943317885161377 
2.424681856214416342254480696283 6.431123376298453209187755419407 
5.342423902422443582338473788695 -2.776248369818048900015128310770 
-1.297721347895418375628651119769 26.144866370948292910725285764784 
-30.200750010172392023832799168304 -20.047114080071857245002320269123 
-41.193423055161765944376384140924 -26.595013652589035046958088059910 
-34.438177132644398170668864622712 5.698197442968396586593371466734 
34.341824563774800083137961337343 35.967779565254396345608256524429 
-33.653494353993934851132507901639 8.381106420247228072639700258151 
-33.853205807883284705894766375422 41.460360375047898173761495854706 
-2.790910838914334668459105159855 19.312456998148508802159994957037 
-31.940771743026491691352930502035 11.596978104823616462226709700190 
-16.688127798489166053741428186186 25.979052251683810936810914427042 
19.285091026176999662311573047191 15.312653584318777433281866251491 
-18.927745497799712381947756512091 23.157651481098316281759252888151 
-14.259474141650038347961526596919 14.225088443849427832788023806643 
-5.422584235554580800453550182283 33.274584867045476244129531551152 
-0.112937390175110508039324486163 -16.839967713573869900756108108908 
56.152626616726145414304482983425 -12.389624493733803589634590025526 
-16.773701793691003558706142939627 -16.532580960755026922015531454235 
-16.283811668696998253835772629827 24.028501226139724167296662926674 
-57.380043222245575407214346341789 20.325194312745651359364273957908 
-17.908224459220534185988071840256 14.827068582873168978153444186319 
-26.267349934988551751757768215612 0.513141646532339734676497755572 
-16.889661254455170080746029270813 25.847821093060293407006611232646 
-15.406319184130381927388953045011 33.426263903637668306600971845910 
-14.887423359871563732781396538485 -3.007701681033214669014341779985 
-5.111179962248556307713442947716 -26.706447227902678775990352733061 
-25.692422468332416940484108636156 5.908287869201380715367122320458 
17.837818465088261632445210125297 -23.061890316307792403449639095925 
-33.629707173187384228185692336410 -47.115820094825167529961618129164 
19.081855355727853407188376877457 19.239064938109009972322382964194 
-4.264483157426211867857546167215 8.213093735004049378289892047178 
35.785123174965029591021448140964 19.022791013722720521172959706746 
-32.832281022987515939348668325692 22.023634205120401929889339953661 
10.074468242187075261995232722256 15.988996398411334354250357137062 
-4.343038110125078787859820295125 -5.718677532892829873389928252436 
-30.765801108559770682404632680118 -41.697690230914510323145805159584 
21.079520037076584060287132160738 -3.768837935150201268186265224358 
29.290058631349303652768867323175 28.812330748964370741305174306035 
1.890699762913023107557819457725 19.475421843881228767259017331526 
-39.709303883946915902924956753850 3.745978279837645530392364889849 
2.187521286587998048389636096545 -16.527841310559033161098341224715 
-29.745962870680791922950447769836 13.869467254266591993427937268279 
-12.467819889453979342874845315237 -18.121145254012468228665966307744 
0.643046803381155385181955352891 11.931894401509685721407549863216 
-47.613030516989837792607431765646 -22.592056841571594105744225089438 
28.461247559647219418366148602217 20.714806610978786949317509424873 
9.902148987451083073096924636047 -26.765707260317185500753112137318 
-7.937761547779091486631841689814 -2.097463367656603239197465882171 
-5.166892023643048226233531750040 1.317194664896753408811491681263 
4.103781612228104336281830910593 -12.092981815733278239122228114866 
12.923600229989515852935255679768 42.935478767470137029249599436298 
-6.385965516520366591635138320271 -10.802372741956020263387472368777 
22.156594458646061696072138147429 -21.712312541873465931985265342519 
67.026554544069398389183334074914 35.257478325193474688603600952774 
-51.340066873502699706932617118582 47.887491728895909659513563383371 
-10.975352043527720979909645393491 -13.950933711078651100478964508511 
-25.959015041702379278376611182466 -4.602568327492619459917477797717 
8.870354800009888407430480583571 -9.912497430555019306552821944933 
-21.275086943223769253563659731299 -8.012020053723862389460919075646 
4.341737507542564600271361996420 25.864634185512350939006864791736 
23.420754601127828919970852439292 -26.498533280354262586797631229274 
20.949668476828637864173288107850 21.154889855128324427369079785421 
-39.325657971270608470604202011600 1.218855368179685427776348660700 
4.542882922289019020922751224134 40.788745622980862037820770638064 
-3.791723295567837936914656893350 -35.142982138777561829101614421234 
-2.291529017224364750404674850870 4.571082980157326502990144945215 
-4.133972201145205360717227449641 2.018422674998183730110667966073 
-9.193923092665041707505224621855 -2.512788580529525361839660035912 
-15.695930294548752215177955804393 -32.254453897731714562269189627841 
-36.111581698623709257844893727452 28.934827893144451138596195960417 
11.097921308102908000137176713906 10.906725365136290761824966466520 
21.168653156006904225705511635169 -24.285022875831696609338905545883 
24.390343260460120689003815641627 -5.258898490357474031497986288741 
-22.792671468200964568495692219585 6.445393218219518161049563786946 
-34.806743091119848543257830897346 -56.801923263839562139310146449134 
19.046867278166949688511522253975 -32.223937508949973107519326731563 
1.256481385157407260066975140944 28.052003648757491305332223419100 
15.344880059418350981559342471883 -0.178555508240542337716760812327 
45.315533920330622663641406688839 11.632728226540525184873331454583 
22.540897635085151762268651509658 9.148233673088753903357428498566 
16.926992703478106250258861109614 -1.942677731000019614171492321475 
-22.827621247335859067106866859831 7.829132986528934523562384129036 
-25.763252245552017427598912036046 -11.262189682074145835599665588234 
-33.744492082638316787779331207275 20.045509610579081538617174373940 
-10.589359064446769664868952531833 9.414788603965474678147984377574 
10.983240712853950427074778417591 42.054481480337436494210123782977 
-9.856666322187386697351030306891 9.097307267234636896091615199111 
23.966993577473949983414058806375 14.020249505948148893708093964960 
3.259914209792698969181401480455 4.834085534812825102335409610532 
-0.302961578022335142890142378747 36.353438787604979154366446891800 
51.998027121061220157116622431204 -14.646988681612313598634500522166 
34.518962549313656040794739965349 -34.112342036030277370173280360177 
11.724621359751608906663022935390 -5.929981571724837863257562275976 
14.321746338163395151354961853940 -27.934176222443667825245938729495 
-4.073380179856061822363244573353 18.353804939876106061547034187242 
-13.669118989543713738044061756227 5.771279439962882840120528271655 
-11.807522980698781367436822620220 -40.455302477808473327058891300112 
21.410452688403431409369659377262 5.025782103690005442331312224269 
-74.076732042832432512113882694393 -14.734377423870604673084017122164 
-14.614163376307887531879714515526 27.375558596423779533779452322051 
-22.155426307263439866801491007209 -0.609504855181877580605487310095 
0.376021818764320059358396974858 -3.215200675365501581381977302954 
31.041446997444325006654253229499 -0.991615026375258779012256127317 
22.673782252605391818178759422153 -10.883803937832517760853079380468 
-12.213089238481250831114266475197 -22.409211385590317888727440731600 
0.478960133754528172289610665757 -4.761799581580483220477617578581 
-2.889865685028853548033112019766 -1.308261420996720048037786909845 
-20.018169304445230238798103528097 -10.500985668018410379431770707015 
44.789276683278174573388241697103 1.668909137254608765488228527829 
-12.637041310307653319000564806629 -15.996848865330536071382994123269 
-3.160951541818104004732958856039 -31.748631403793552863135118968785 
6.411675263484669429203677282203 -14.442143237691167811931336473208 
10.606913034691626052108404110186 40.535878940087023636351659661159 
7.986902042015445957190422632266 35.074235456724892401325632818043 
-6.762333726717633552993902412709 -14.051241384021844638141374161933 
23.983831609915597482540761120617 -21.613345121785989988438814179972 
2.599955577137180284807982388884 -49.539966938412064223484776448458 
27.788912409956246563069726107642 -7.822419935644974842148258176167 
-15.106698628779614779205076047219 15.249095646046880503376996784937 
-23.353142690790960500635264907032 7.944036527103699896201760566328 
-24.766144489451036747595935594290 10.761049828379096737762665725313 
-20.499153873469360576109465910122 -39.774344507550580374299897812307 
-8.638999360187749942951995762996 -63.368849633795790055046381894499 
2.992825993488501090666886739200 -3.614451521818839552224744693376 
30.004616921365126813725510146469 13.783015766570994031781083322130 
-29.843417648921899854030925780535 -32.792894563631179494223033543676 
-17.905884965747951298453699564561 9.278559178122701922575288335793 
-28.084085765514910093543221591972 2.268847655733738477579208847601 
14.070105022767361191426971345209 -43.863430120574875559213978704065 
17.523615232172346622974146157503 14.411934832015361962476163171232 
-0.624737883763209822518547298387 -32.069228907026584352024656254798 
-39.995833009610400665678753284737 19.982266347081864665824468829669 
7.765143520505180418922464014031 -0.587988997641627264556518639438 
-14.820368230886385774169866635930 -38.381524306473785657090047607198 
-19.014336874491682749521714868024 -4.595602628770449449291390919825 
-40.862036758657509949443920049816 -5.822573354560926617295990581624 
6.780411772800012393247470754432 24.246918979707860586358947330154 
13.367300688725148205548975965939 -14.299604517710335471747384872288 
-32.224063860730332464754610555246 -1.247715568200375102492216683459 
-4.331798142940431084468855260639 3.362764062193062564176671003224 
-21.515279607397353345277224434540 22.775857303767690353879515896551 
-36.189032567105250848271680297330 4.592058603446352194055180007126 
8.840588453811875524479546584189 -1.423776557986759172536039841361 
-9.235616639250112669401460152585 5.347458666283310790845462179277 
-9.148711502176247734041680814698 20.078291884268864464502257760614 
4.530177349339715497933411825215 -26.255143281759245610373909585178 
-10.125244306166946373082282661926 10.621922294611293224875225860160 
-10.551330284327857356174718006514 12.299353626560032282100110023748 
5.396553286027684137593496416230 -42.116668208435449116677773417905 
-8.819746586614755301525292452425 -22.763711870732088016211491776630 
27.687734663645954924504621885717 20.269600781221601693005140987225 
7.577057393680721730788718559779 11.348203072999291762812390516046 
-10.548923765287137044310838973615 11.611193933138022060802541091107 
-28.973972726476109329496466671117 -25.358421232952338186805718578398 
3.485270270054092733857942221221 -3.350864473897793516243837075308 
12.985080593015512206989114929456 7.522320899268615690402839391027 
43.652602766530399946987017756328 -5.856230178958797161214988591382 
5.715332438461075525992782786489 5.994630117591574602897708246019 
3.326703723976098814318902441300 -25.286712725531430123737663961947 
3.999932601146467092689817945939 -13.474839987653524531197035685182 
19.383116802539781531322660157457 -32.477584984030656301001727115363 
1.546966555308769031285009987187 -46.691634309339463015930959954858 
-9.814153889793288954024319536984 28.570409894683219675926011404954 
11.842410431828939820775303815026 -31.429738519911524008421110920608 
34.486483554220171754423063248396 -41.133167367788985302468063309789 
35.056122683737783063406823202968 -12.607915482922143368682554864790 
16.451471268976199269218341214582 -3.483899305383387101642256311607 
26.739704433317257326052640564740 -26.450579157698577148494223365560 
-5.865453541222276356847942224704 -18.900035462167853239634496276267 
14.774769108564937525329696654808 -1.133280159489173044562448922079 
-1.268999804555594579369426355697 6.435015120165272328733863105299 
13.494829143123544312743433692958 -25.630555143037216936363620334305 
30.238462319941223910291228094138 18.318212712314934975665892125107 
-26.304890993414414168682924355380 -0.475206074856731053301928113797 
-22.726327924277015313236915972084 0.729737817013367262575229688082 
-9.819537027615794499979529064149 9.846719587136810503125161631033 
-8.118350387492506925468660483602 -60.897972300951217050624109106138 
3.180982001564963468354108044878 -10.996801027872423972553406201769 
-1.241519079018531535041347524384 17.930534336103264081430097576231 
-20.939913077647496209010569145903 -38.247779976107850075095484498888 
-22.362588461001450923504307866096 8.929269189262676320595346624032 
18.878293506677586321984563255683 40.332530144163996510542347095907 
-23.843049421757189776371888001449 6.351642963332189140146510908380 
2.553244151857619215206796070561 -20.889662124196906489714820054360 
14.650574863982853912602877244353 -9.398616858903382720313857134897 
-10.514135727868449521338334307075 12.937746977731340081163580180146 
31.408507385994660410233336733654 -9.668416684296449403746009920724 
8.139985273070875493317544169258 -19.921589428155382250906768604182 
20.140781153999729014003605698235 11.617057359914483072316215839237 
-32.598369929176769232981314416975 -12.621360662197401936168716929387 
-13.521698989644196586823454708792 -15.056790740779007364835706539452 
-15.529179032976893282125274708960 8.563699581154079254474709159695 
-0.267203619093958621988349477760 19.937497901834671409915245021693 
7.270662649850867964573808421846 3.360234176364400582315283827484 
38.603032453402363444183720275760 15.030394920317203144577433704399 
26.494751644603084628215583506972 31.003114595648032292274365318008 
1.002326871644847017250867793337 15.327432999029392490797363279853 
-6.455233816617269582138760597445 -13.159560052179809730432680225931 
-11.542894058700330361943997559138 0.981921615090955324234300860553 
-21.136447361733399219474449637346 -19.720333673915472871840393054299 
22.344381245189278928364728926681 36.636230968291926046731532551348 
-7.464214734030017339705409540329 -7.870348574719436385294102365151 
10.217372456273562164597024093382 31.066113012195778253499156562611 
8.983248071487901498244355025236 -2.791591387047986927427700720727 
16.242860238587532251131051452830 -10.894515062111535641520276840311 
-16.215876811023591130833665374666 -26.756652327703847049633623100817 
23.435416964993944333173203631304 -8.817957737576918475497222971171 
21.068035140383578607270464999601 23.720068507221494513714787899517 
24.642621779929172021184058394283 4.212587954626334507679530361202 
-35.913637165110912974341772496700 -13.189917556095650752467918209732 
-8.126257608736304760554958193097 -15.650165164932502648298395797610 
-4.952826676026214514081402739976 2.510105092872274568094326241408 
23.927645856400779678097023861483 -11.327722126142862890674223308451 
27.799207991777564075164264068007 -6.627928333613915867772448109463 
7.495563443483762355867838778067 -16.443393047371667847755816183053 
59.612406614786422665019927080721 35.820382324150124020434304839000 
-4.164642533402044932699936907738 26.863935612243054151804244611412 
-37.402821298808667904722824459895 0.213236695412433618912473320961 
30.681234712874758230327643104829 -31.828121396269079212970609660260 
-17.296822672392824671305788797326 54.774013040033160848452098434791 
-4.271981133476746350652319961227 5.171477059118558372574625536799 
2.739701077576762955345657246653 -16.134404414740934896599355852231 
20.120177069105128708770280354656 -0.001169097620312697927147382870 
-8.934891479752970155914226779714 -27.655764672036063700488739414141 
-18.190218556834121699239403824322 33.663111970887911184036056511104 
-27.628735892516068872737378114834 -14.137369887538369539470295421779 
-8.256329604884300010780862066895 -60.789494847171148705911036813632 
-19.427537913284346871023444691673 -18.128766123291431000552620389499 
5.199653136960212584938290092396 0.292391187276852093646084540524 
33.314972416345852934682625345886 -9.818577571873538190061481145676 
-27.297955740614192166049178922549 10.763457147262030844103719573468 
-2.008598090005964564852547482587 12.799011597178264310059603303671 
8.195618133260264670525430119596 -9.967019523238221268002234864980 
-20.085639885633227663674915675074 5.912901727549561670116418099497 
-58.906699471460512995690805837512 -0.726061989147190667281961395929 
-13.129271985764120245221420191228 14.960725941231711288992300978862 
35.817964987677264332432969240472 -9.028214673888841801385751750786 
-0.674590429342742936569266021252 -4.103769481142625075165142334299 
-8.693973561385210047092186869122 8.895860423645508774370682658628 
23.704484917751809547326047322713 -21.991642739569577713609760394320 
-15.300058283958941629521177674178 -32.892349757365224149907589890063 
-7.888299964495168126177304657176 -7.058037138804721166707167867571 
-26.240948671640826006523639080115 -8.826085977510125246681127464399 
21.304125505028984832733840448782 -22.178992649338688636362348916009 
-30.881042130300798476127965841442 27.365835158145110028726776363328 
0.389841277719924050870758946985 -10.587757267559330998096811526921 
-39.336382784517617494657315546647 12.347565578805420827279704099055 
-30.681752886866533458487538155168 18.514779038893042439894998096861 
-16.803331552979365426381264114752 30.029479154218655878594290697947 
13.721178456433946735160134267062 25.859232771746853529748477740213 
-10.320083494562720005660594324581 -31.101968293151344369107391685247 
-10.078492184732905201371977454983 9.263544751602250215682943235151 
39.389374685177749313425010768697 -43.204718245749489824447664432228 
-10.871226972154969914186040114146 6.165562666157374138720115297474 
12.369069885145091092226721229963 -47.508954503936678293030126951635 
-35.359938137852871875566052040085 33.987016541762763210954290116206 
30.143526059416867468598866253160 -44.842904008887501277058618143201 
25.377004587604357510599584202282 -5.858705516976988825206262845313 
-2.415943491256527408950205426663 -9.948912388354088420783227775246 
0.762074336100472038424413767643 3.921693059174427453683620115044 
15.107386608845388309418922290206 -30.740845929071934250487174722366 
38.247769681709684164161444641650 -2.348904771134890268058370565996 
12.860685151027587025396314857062 -5.984105240003140480098409170751 
-56.524785218996981939199031330645 22.278211541665065453798888484016 
2.733311221322947126566305087181 -1.310124174237333072312594595132 
-7.774259039480215349726677231956 24.252294583721337062343081925064 
9.553105228053301090085369651206 -11.951070899078207077081970055588 
-1.527777844724561795430872734869 -4.178699850337348919993019080721 
-26.058276655160614865280876983888 22.857056696130133133237904985435 
-21.935342577522263241007749456912 2.968119190297345166840159436106 
-29.345811780753777497920964378864 -19.050678552234284524047325248830 
-1.447815616810654404389424598776 51.903165134749315257067792117596 
60.730458667864468225161544978619 7.636431448972593294399757724022 
23.025783259460119722916715545580 -52.396889486351774678496440174058 
32.260952250613605940543493488804 -13.648490730266987114305266004521 
11.254741816023152267689511063509 12.692739790756295548135312856175 
4.365447666209181676322259590961 -5.348221816308689646746188373072 
-10.647025450627353393429075367749 -10.785025118973594615567890286911 
-55.018733925920798810693668201566 -21.439434300278662703931331634521 
-3.870863966529301869456958229421 0.046370024694994071978726424277 
6.768128688411378490741299174260 -27.131149470386372257735274615698 
-11.776376142860058848782500717789 -15.246056126647797412942964001559 
2.937407096791446292627369984984 -3.074915389514972119400226802099 
6.058469658356241183128076954745 -9.894259060608352029930756543763 
23.083559531215222193623048951849 41.061803119801879802253097295761 
9.123089962094386606850093812682 15.580783864780684666584420483559 
26.665830506200450145115610212088 20.862457609462850882664497476071 
2.562317875104055175938810862135 -28.036249408650682823918032227084 
-13.177719234248844060175542836078 -49.954015521614209660583583172411 
-18.286857381250651854998068301938 20.097242352407082677245853119530 
4.772192197954442605123404064216 -6.660836918383122196019030525349 
-2.815482901271181503943807911128 32.190537136673263773900544038042 
-1.798465751446506999400298809633 11.388834720091031371680401207414 
15.006564334061337717685091774911 -5.552883773288560753655929147499 
12.817788083662067677437335078139 22.269654683782555082416365621611 
17.623717855324770198421902023256 10.064364841062172217789338901639 
12.553604438100567364244852797128 4.529449114546158838834344351199 
8.608632128429531960023268766236 -6.802692783497732875730434898287 
-9.820993857336764776277959754225 3.143184529125787385339663160266 
9.404545197488854313405681750737 -8.299973512610083759000190184452 
14.337384857721897191140669747256 12.834496172561536297962447861210 
-6.853469391328305349020411085803 1.203998550133112743765195773449 
-24.266032045319814614003917085938 24.089278167969091271061188308522 
-12.969910203921205749111322802491 42.810894370459877222856448497623 
7.232873562386878951713242713595 48.840933828931220261893031420186 
0.037575052387585294866312324302 -7.724489173067910385839240916539 
-23.928612103227692387008573859930 -28.534227695980064254399621859193 
-7.697392875109485110840523702791 -27.814966952911397868319909321144 
