-3.918934461351436748799414999667 -6.818885872683019044870889047161 
1.548287555142648042050268486491 -3.014188962904932544972780306125 
1.180778049762773562747497635428 -4.313970931240961093067198817153 
12.041670663371267124830410466529 6.543529724133994918133794271853 
-6.069062708455032151277919183485 0.199559144159942691842957174231 
-2.239939823694413245647183430265 1.812534969900982950719026121078 
2.024525224329671413414644121076 6.258726440904091248285112669691 
-19.404423751280951648823247523978 -0.061090095310921022075945074903 
-2.561258997560579953045589718386 3.056030041295870969264569794177 
7.460609853171096261803540983237 -4.069424094810055514415125799133 
-0.688076488701231170352912158705 -4.177224668833611431750796327833 
8.116398059457562652596607222222 -16.694303608184419829285616287962 
-4.317003595338094967814868141431 8.410898529246791710534125741106 
4.348753789453359885897043568548 -9.451328312192742941988399252295 
-2.969685453997893631594706675969 -3.736455789065255217451522185002 
8.783343521405715392802449059673 -7.646989826990962413333363656420 
-1.987901980817393887690514020505 -11.071869523186906647538307879586 
14.208470188090176478112880431581 2.144921269198617252982330683153 
4.852849194079854378003346937476 -0.471123104447350282697470902349 
0.472893072877925035868429404218 1.349960137945004134962800890207 
6.160296631394825084271360537969 2.532936504410017608535099498113 
-2.325925008233805435509111703141 5.845108114304135682459673262201 
4.011452588714316647156010731123 -1.965850988096566887008975754725 
7.654298219894080546055192826316 -1.410726428449827984934472624445 
0.445928454857485778717318680719 -3.867785854690090729945950442925 
1.041569470531812591218567831675 4.167101886477296623922939033946 
13.308656136062149144549948687200 5.245908167323175774754417943768 
9.978636584643631124436069512740 9.368294526729229687589395325631 
-4.147696592768798318218159693060 4.536374735864467488966056407662 
-0.164684616479515266718181010219 -0.507960521827168332009705409291 
8.300467201769563985180866438895 9.132299119769157869086484424770 
9.988397089662182537495027645491 -19.338916135374077498454425949603 
4.187419336337089958988144644536 6.475732666147898441977304173633 
-3.748466668973002402509564490174 3.535738870677501033412681863410 
15.700984916113247535918162611779 0.556229459900766443070097011514 
1.144491285407973180099361343309 -4.773466178077553578873448714148 
-12.083424531552012126667250413448 -2.699134294250074894705448969034 
-4.126322988501952337969669315498 -7.382233908654810328187068080297 
-8.538222174477697379302298941184 18.381683818678343556030085892417 
1.100984884754515391591667139437 9.535451545346113277901167748496 
-0.568578990931480010573295658105 17.450484353833580541959236143157 
14.843195661966390730412967968732 13.067562895072349249403487192467 
-1.583742937996641231279681960586 9.460448547332193314218784507830 
9.909800588626907824618683662266 -5.464070000537528670747633441351 
-12.261097312954245097671446274035 1.047160124099632660943370865425 
-4.273340572483173005480239226017 1.646163895428994994318827593816 
17.686354909181002170726060285233 0.273610516547853954705260548508 
-2.686954126610948456743699352955 9.264719121136687718376379052643 
5.386608624492762231739106937312 0.961687020361486233355208241846 
-6.490252894815180084719941078220 4.826601901720939835627177671995 
0.385128281266523764259090967244 -2.879665941528364303536591251031 
-9.169105158487171891579237126280 10.791664233663418315245507983491 
10.289737063838437336471542948857 -0.867894112267216244482881393196 
-6.368822138923261100273975898745 8.020866818317156088369301869534 
10.515531596069749298294482287019 3.937319197742668031025914388010 
-3.662544449334536267315343138762 15.086759985586887466979533201084 
-9.949998444228089766738776233979 -3.833059200828719870202121455804 
3.844387617701452430907238522195 -10.708923194955520585835984093137 
8.858125822115290759484196314588 -7.693471346562862578366548405029 
-9.766007782178139251527682063170 -11.948540614791474112621472158935 
-4.212611235452127900202867749613 -9.456801999356168053623150626663 
-3.004210762754461860879473533714 -0.253583643874542019602813525125 
6.191851881551357905664190184325 6.911594404441016692430821422022 
-6.443932336567352869849401031388 6.575115572455283441399842558894 
